Unique Lattice 1:
0 0 0 0 0 0 0 0 
0 0 0 0 0 0 0 0 
0 1 0 0 0 0 0 0 
0 1 0 0 0 0 0 0 
0 1 0 0 0 0 0 0 
0 1 0 0 0 0 0 0 
0 1 0 0 0 0 0 0 
0 1 0 0 0 0 0 0 

Cover Relations:
2 -> 1
3 -> 1
4 -> 1
5 -> 1
6 -> 1
7 -> 1

Unique Lattice 2:
0 0 0 0 0 0 0 0 
0 0 0 0 0 0 0 0 
0 0 0 0 0 0 0 1 
0 1 0 0 0 0 0 0 
0 1 0 0 0 0 0 0 
0 1 0 0 0 0 0 0 
0 1 0 0 0 0 0 0 
0 1 0 0 0 0 0 0 

Cover Relations:
2 -> 7
3 -> 1
4 -> 1
5 -> 1
6 -> 1
7 -> 1

Unique Lattice 3:
0 0 0 0 0 0 0 0 
0 0 0 0 0 0 0 0 
0 0 0 0 0 0 1 1 
0 1 0 0 0 0 0 0 
0 1 0 0 0 0 0 0 
0 1 0 0 0 0 0 0 
0 1 0 0 0 0 0 0 
0 1 0 0 0 0 0 0 

Cover Relations:
2 -> 6
2 -> 7
3 -> 1
4 -> 1
5 -> 1
6 -> 1
7 -> 1

Unique Lattice 4:
0 0 0 0 0 0 0 0 
0 0 0 0 0 0 0 0 
0 0 0 0 0 1 1 1 
0 1 0 0 0 0 0 0 
0 1 0 0 0 0 0 0 
0 1 0 0 0 0 0 0 
0 1 0 0 0 0 0 0 
0 1 0 0 0 0 0 0 

Cover Relations:
2 -> 5
2 -> 6
2 -> 7
3 -> 1
4 -> 1
5 -> 1
6 -> 1
7 -> 1

Unique Lattice 5:
0 0 0 0 0 0 0 0 
0 0 0 0 0 0 0 0 
0 0 0 0 1 1 1 1 
0 1 0 0 0 0 0 0 
0 1 0 0 0 0 0 0 
0 1 0 0 0 0 0 0 
0 1 0 0 0 0 0 0 
0 1 0 0 0 0 0 0 

Cover Relations:
2 -> 4
2 -> 5
2 -> 6
2 -> 7
3 -> 1
4 -> 1
5 -> 1
6 -> 1
7 -> 1

Unique Lattice 6:
0 0 0 0 0 0 0 0 
0 0 0 0 0 0 0 0 
0 0 0 1 1 1 1 1 
0 1 0 0 0 0 0 0 
0 1 0 0 0 0 0 0 
0 1 0 0 0 0 0 0 
0 1 0 0 0 0 0 0 
0 1 0 0 0 0 0 0 

Cover Relations:
2 -> 3
2 -> 4
2 -> 5
2 -> 6
2 -> 7
3 -> 1
4 -> 1
5 -> 1
6 -> 1
7 -> 1

Unique Lattice 7:
0 0 0 0 0 0 0 0 
0 0 0 0 0 0 0 0 
0 0 0 0 0 0 0 1 
0 0 0 0 0 0 0 1 
0 1 0 0 0 0 0 0 
0 1 0 0 0 0 0 0 
0 1 0 0 0 0 0 0 
0 1 0 0 0 0 0 0 

Cover Relations:
2 -> 7
3 -> 7
4 -> 1
5 -> 1
6 -> 1
7 -> 1

Unique Lattice 8:
0 0 0 0 0 0 0 0 
0 0 0 0 0 0 0 0 
0 0 0 0 0 0 0 1 
0 0 1 0 0 0 0 0 
0 1 0 0 0 0 0 0 
0 1 0 0 0 0 0 0 
0 1 0 0 0 0 0 0 
0 1 0 0 0 0 0 0 

Cover Relations:
2 -> 7
3 -> 2
4 -> 1
5 -> 1
6 -> 1
7 -> 1

Unique Lattice 9:
0 0 0 0 0 0 0 0 
0 0 0 0 0 0 0 0 
0 0 0 0 0 0 0 1 
0 0 0 0 0 0 1 0 
0 1 0 0 0 0 0 0 
0 1 0 0 0 0 0 0 
0 1 0 0 0 0 0 0 
0 1 0 0 0 0 0 0 

Cover Relations:
2 -> 7
3 -> 6
4 -> 1
5 -> 1
6 -> 1
7 -> 1

Unique Lattice 10:
0 0 0 0 0 0 0 0 
0 0 0 0 0 0 0 0 
0 0 0 0 0 0 0 1 
0 0 0 0 0 0 1 1 
0 1 0 0 0 0 0 0 
0 1 0 0 0 0 0 0 
0 1 0 0 0 0 0 0 
0 1 0 0 0 0 0 0 

Cover Relations:
2 -> 7
3 -> 6
3 -> 7
4 -> 1
5 -> 1
6 -> 1
7 -> 1

Unique Lattice 11:
0 0 0 0 0 0 0 0 
0 0 0 0 0 0 0 0 
0 0 0 0 0 0 0 1 
0 0 1 0 0 0 1 0 
0 1 0 0 0 0 0 0 
0 1 0 0 0 0 0 0 
0 1 0 0 0 0 0 0 
0 1 0 0 0 0 0 0 

Cover Relations:
2 -> 7
3 -> 2
3 -> 6
4 -> 1
5 -> 1
6 -> 1
7 -> 1

Unique Lattice 12:
0 0 0 0 0 0 0 0 
0 0 0 0 0 0 0 0 
0 0 0 0 0 0 0 1 
0 0 0 0 0 1 1 0 
0 1 0 0 0 0 0 0 
0 1 0 0 0 0 0 0 
0 1 0 0 0 0 0 0 
0 1 0 0 0 0 0 0 

Cover Relations:
2 -> 7
3 -> 5
3 -> 6
4 -> 1
5 -> 1
6 -> 1
7 -> 1

Unique Lattice 13:
0 0 0 0 0 0 0 0 
0 0 0 0 0 0 0 0 
0 0 0 0 0 0 0 1 
0 0 0 0 0 1 1 1 
0 1 0 0 0 0 0 0 
0 1 0 0 0 0 0 0 
0 1 0 0 0 0 0 0 
0 1 0 0 0 0 0 0 

Cover Relations:
2 -> 7
3 -> 5
3 -> 6
3 -> 7
4 -> 1
5 -> 1
6 -> 1
7 -> 1

Unique Lattice 14:
0 0 0 0 0 0 0 0 
0 0 0 0 0 0 0 0 
0 0 0 0 0 0 0 1 
0 0 1 0 0 1 1 0 
0 1 0 0 0 0 0 0 
0 1 0 0 0 0 0 0 
0 1 0 0 0 0 0 0 
0 1 0 0 0 0 0 0 

Cover Relations:
2 -> 7
3 -> 2
3 -> 5
3 -> 6
4 -> 1
5 -> 1
6 -> 1
7 -> 1

Unique Lattice 15:
0 0 0 0 0 0 0 0 
0 0 0 0 0 0 0 0 
0 0 0 0 0 0 0 1 
0 0 0 0 1 1 1 0 
0 1 0 0 0 0 0 0 
0 1 0 0 0 0 0 0 
0 1 0 0 0 0 0 0 
0 1 0 0 0 0 0 0 

Cover Relations:
2 -> 7
3 -> 4
3 -> 5
3 -> 6
4 -> 1
5 -> 1
6 -> 1
7 -> 1

Unique Lattice 16:
0 0 0 0 0 0 0 0 
0 0 0 0 0 0 0 0 
0 0 0 0 0 0 0 1 
0 0 0 0 1 1 1 1 
0 1 0 0 0 0 0 0 
0 1 0 0 0 0 0 0 
0 1 0 0 0 0 0 0 
0 1 0 0 0 0 0 0 

Cover Relations:
2 -> 7
3 -> 4
3 -> 5
3 -> 6
3 -> 7
4 -> 1
5 -> 1
6 -> 1
7 -> 1

Unique Lattice 17:
0 0 0 0 0 0 0 0 
0 0 0 0 0 0 0 0 
0 0 0 0 0 0 0 1 
0 0 1 0 1 1 1 0 
0 1 0 0 0 0 0 0 
0 1 0 0 0 0 0 0 
0 1 0 0 0 0 0 0 
0 1 0 0 0 0 0 0 

Cover Relations:
2 -> 7
3 -> 2
3 -> 4
3 -> 5
3 -> 6
4 -> 1
5 -> 1
6 -> 1
7 -> 1

Unique Lattice 18:
0 0 0 0 0 0 0 0 
0 0 0 0 0 0 0 0 
0 0 0 0 0 0 0 1 
0 1 0 0 0 0 0 0 
0 1 0 0 0 0 0 0 
0 1 0 0 0 0 0 0 
0 1 0 0 0 0 0 0 
0 0 0 0 0 1 1 0 

Cover Relations:
2 -> 7
3 -> 1
4 -> 1
5 -> 1
6 -> 1
7 -> 5
7 -> 6

Unique Lattice 19:
0 0 0 0 0 0 0 0 
0 0 0 0 0 0 0 0 
0 0 0 0 0 0 1 1 
0 0 0 0 0 1 0 1 
0 1 0 0 0 0 0 0 
0 1 0 0 0 0 0 0 
0 1 0 0 0 0 0 0 
0 1 0 0 0 0 0 0 

Cover Relations:
2 -> 6
2 -> 7
3 -> 5
3 -> 7
4 -> 1
5 -> 1
6 -> 1
7 -> 1

Unique Lattice 20:
0 0 0 0 0 0 0 0 
0 0 0 0 0 0 0 0 
0 0 0 0 0 0 1 1 
0 0 1 0 0 1 0 0 
0 1 0 0 0 0 0 0 
0 1 0 0 0 0 0 0 
0 1 0 0 0 0 0 0 
0 1 0 0 0 0 0 0 

Cover Relations:
2 -> 6
2 -> 7
3 -> 2
3 -> 5
4 -> 1
5 -> 1
6 -> 1
7 -> 1

Unique Lattice 21:
0 0 0 0 0 0 0 0 
0 0 0 0 0 0 0 0 
0 0 0 0 0 0 1 1 
0 0 0 0 1 1 0 0 
0 1 0 0 0 0 0 0 
0 1 0 0 0 0 0 0 
0 1 0 0 0 0 0 0 
0 1 0 0 0 0 0 0 

Cover Relations:
2 -> 6
2 -> 7
3 -> 4
3 -> 5
4 -> 1
5 -> 1
6 -> 1
7 -> 1

Unique Lattice 22:
0 0 0 0 0 0 0 0 
0 0 0 0 0 0 0 0 
0 0 0 0 0 0 1 1 
0 0 0 0 1 1 0 1 
0 1 0 0 0 0 0 0 
0 1 0 0 0 0 0 0 
0 1 0 0 0 0 0 0 
0 1 0 0 0 0 0 0 

Cover Relations:
2 -> 6
2 -> 7
3 -> 4
3 -> 5
3 -> 7
4 -> 1
5 -> 1
6 -> 1
7 -> 1

Unique Lattice 23:
0 0 0 0 0 0 0 0 
0 0 0 0 0 0 0 0 
0 0 0 0 0 0 1 1 
0 0 1 0 1 1 0 0 
0 1 0 0 0 0 0 0 
0 1 0 0 0 0 0 0 
0 1 0 0 0 0 0 0 
0 1 0 0 0 0 0 0 

Cover Relations:
2 -> 6
2 -> 7
3 -> 2
3 -> 4
3 -> 5
4 -> 1
5 -> 1
6 -> 1
7 -> 1

Unique Lattice 24:
0 0 0 0 0 0 0 0 
0 0 0 0 0 0 0 0 
0 0 0 0 0 0 0 1 
0 1 0 0 0 0 0 0 
0 1 0 0 0 0 0 0 
0 1 0 0 0 0 0 0 
0 1 0 0 0 0 0 0 
0 0 0 0 1 1 1 0 

Cover Relations:
2 -> 7
3 -> 1
4 -> 1
5 -> 1
6 -> 1
7 -> 4
7 -> 5
7 -> 6

Unique Lattice 25:
0 0 0 0 0 0 0 0 
0 0 0 0 0 0 0 0 
0 0 0 0 0 0 1 1 
0 1 0 0 0 0 0 0 
0 1 0 0 0 0 0 0 
0 1 0 0 0 0 0 0 
0 0 0 1 1 1 0 0 
0 1 0 0 0 0 0 0 

Cover Relations:
2 -> 6
2 -> 7
3 -> 1
4 -> 1
5 -> 1
6 -> 3
6 -> 4
6 -> 5
7 -> 1

Unique Lattice 26:
0 0 0 0 0 0 0 0 
0 0 0 0 0 0 0 0 
0 0 0 0 0 0 0 1 
0 1 0 0 0 0 0 0 
0 1 0 0 0 0 0 0 
0 1 0 0 0 0 0 0 
0 1 0 0 0 0 0 0 
0 0 0 1 1 1 1 0 

Cover Relations:
2 -> 7
3 -> 1
4 -> 1
5 -> 1
6 -> 1
7 -> 3
7 -> 4
7 -> 5
7 -> 6

Unique Lattice 27:
0 0 0 0 0 0 0 0 
0 0 0 0 0 0 0 0 
0 0 0 0 0 0 0 1 
0 0 0 0 0 0 0 1 
0 0 0 0 0 0 0 1 
0 1 0 0 0 0 0 0 
0 1 0 0 0 0 0 0 
0 1 0 0 0 0 0 0 

Cover Relations:
2 -> 7
3 -> 7
4 -> 7
5 -> 1
6 -> 1
7 -> 1

Unique Lattice 28:
0 0 0 0 0 0 0 0 
0 0 0 0 0 0 0 0 
0 0 0 0 0 0 0 1 
0 0 0 0 0 0 0 1 
0 0 0 1 0 0 0 0 
0 1 0 0 0 0 0 0 
0 1 0 0 0 0 0 0 
0 1 0 0 0 0 0 0 

Cover Relations:
2 -> 7
3 -> 7
4 -> 3
5 -> 1
6 -> 1
7 -> 1

Unique Lattice 29:
0 0 0 0 0 0 0 0 
0 0 0 0 0 0 0 0 
0 0 0 0 0 0 0 1 
0 0 0 0 0 0 0 1 
0 0 1 1 0 0 0 0 
0 1 0 0 0 0 0 0 
0 1 0 0 0 0 0 0 
0 1 0 0 0 0 0 0 

Cover Relations:
2 -> 7
3 -> 7
4 -> 2
4 -> 3
5 -> 1
6 -> 1
7 -> 1

Unique Lattice 30:
0 0 0 0 0 0 0 0 
0 0 0 0 0 0 0 0 
0 0 0 0 0 0 0 1 
0 0 0 0 0 0 0 1 
0 0 0 0 0 0 1 0 
0 1 0 0 0 0 0 0 
0 1 0 0 0 0 0 0 
0 1 0 0 0 0 0 0 

Cover Relations:
2 -> 7
3 -> 7
4 -> 6
5 -> 1
6 -> 1
7 -> 1

Unique Lattice 31:
0 0 0 0 0 0 0 0 
0 0 0 0 0 0 0 0 
0 0 0 0 0 0 0 1 
0 0 0 0 0 0 0 1 
0 0 0 0 0 0 1 1 
0 1 0 0 0 0 0 0 
0 1 0 0 0 0 0 0 
0 1 0 0 0 0 0 0 

Cover Relations:
2 -> 7
3 -> 7
4 -> 6
4 -> 7
5 -> 1
6 -> 1
7 -> 1

Unique Lattice 32:
0 0 0 0 0 0 0 0 
0 0 0 0 0 0 0 0 
0 0 0 0 0 0 0 1 
0 0 0 0 0 0 0 1 
0 0 0 1 0 0 1 0 
0 1 0 0 0 0 0 0 
0 1 0 0 0 0 0 0 
0 1 0 0 0 0 0 0 

Cover Relations:
2 -> 7
3 -> 7
4 -> 3
4 -> 6
5 -> 1
6 -> 1
7 -> 1

Unique Lattice 33:
0 0 0 0 0 0 0 0 
0 0 0 0 0 0 0 0 
0 0 0 0 0 0 0 1 
0 0 0 0 0 0 0 1 
0 0 1 1 0 0 1 0 
0 1 0 0 0 0 0 0 
0 1 0 0 0 0 0 0 
0 1 0 0 0 0 0 0 

Cover Relations:
2 -> 7
3 -> 7
4 -> 2
4 -> 3
4 -> 6
5 -> 1
6 -> 1
7 -> 1

Unique Lattice 34:
0 0 0 0 0 0 0 0 
0 0 0 0 0 0 0 0 
0 0 0 0 0 0 0 1 
0 0 0 0 0 0 0 1 
0 0 0 0 0 1 1 0 
0 1 0 0 0 0 0 0 
0 1 0 0 0 0 0 0 
0 1 0 0 0 0 0 0 

Cover Relations:
2 -> 7
3 -> 7
4 -> 5
4 -> 6
5 -> 1
6 -> 1
7 -> 1

Unique Lattice 35:
0 0 0 0 0 0 0 0 
0 0 0 0 0 0 0 0 
0 0 0 0 0 0 0 1 
0 0 0 0 0 0 0 1 
0 0 0 0 0 1 1 1 
0 1 0 0 0 0 0 0 
0 1 0 0 0 0 0 0 
0 1 0 0 0 0 0 0 

Cover Relations:
2 -> 7
3 -> 7
4 -> 5
4 -> 6
4 -> 7
5 -> 1
6 -> 1
7 -> 1

Unique Lattice 36:
0 0 0 0 0 0 0 0 
0 0 0 0 0 0 0 0 
0 0 0 0 0 0 0 1 
0 0 0 0 0 0 0 1 
0 0 0 1 0 1 1 0 
0 1 0 0 0 0 0 0 
0 1 0 0 0 0 0 0 
0 1 0 0 0 0 0 0 

Cover Relations:
2 -> 7
3 -> 7
4 -> 3
4 -> 5
4 -> 6
5 -> 1
6 -> 1
7 -> 1

Unique Lattice 37:
0 0 0 0 0 0 0 0 
0 0 0 0 0 0 0 0 
0 0 0 0 0 0 0 1 
0 0 0 0 0 0 0 1 
0 0 1 1 0 1 1 0 
0 1 0 0 0 0 0 0 
0 1 0 0 0 0 0 0 
0 1 0 0 0 0 0 0 

Cover Relations:
2 -> 7
3 -> 7
4 -> 2
4 -> 3
4 -> 5
4 -> 6
5 -> 1
6 -> 1
7 -> 1

Unique Lattice 38:
0 0 0 0 0 0 0 0 
0 0 0 0 0 0 0 0 
0 0 0 0 0 0 0 1 
0 0 0 0 0 0 0 1 
0 1 0 0 0 0 0 0 
0 1 0 0 0 0 0 0 
0 1 0 0 0 0 0 0 
0 0 0 0 0 0 1 0 

Cover Relations:
2 -> 7
3 -> 7
4 -> 1
5 -> 1
6 -> 1
7 -> 6

Unique Lattice 39:
0 0 0 0 0 0 0 0 
0 0 0 0 0 0 0 0 
0 0 0 0 0 0 0 1 
0 0 0 0 0 0 1 0 
0 1 0 0 0 0 0 0 
0 1 0 0 0 0 0 0 
0 0 1 0 0 0 0 0 
0 1 0 0 0 0 0 0 

Cover Relations:
2 -> 7
3 -> 6
4 -> 1
5 -> 1
6 -> 2
7 -> 1

Unique Lattice 40:
0 0 0 0 0 0 0 0 
0 0 0 0 0 0 0 0 
0 0 0 0 0 0 0 1 
0 0 0 0 0 0 1 0 
0 0 0 1 0 0 0 0 
0 1 0 0 0 0 0 0 
0 1 0 0 0 0 0 0 
0 1 0 0 0 0 0 0 

Cover Relations:
2 -> 7
3 -> 6
4 -> 3
5 -> 1
6 -> 1
7 -> 1

Unique Lattice 41:
0 0 0 0 0 0 0 0 
0 0 0 0 0 0 0 0 
0 0 0 0 0 0 0 1 
0 0 0 0 0 0 1 1 
0 0 1 0 0 0 0 0 
0 1 0 0 0 0 0 0 
0 1 0 0 0 0 0 0 
0 1 0 0 0 0 0 0 

Cover Relations:
2 -> 7
3 -> 6
3 -> 7
4 -> 2
5 -> 1
6 -> 1
7 -> 1

Unique Lattice 42:
0 0 0 0 0 0 0 0 
0 0 0 0 0 0 0 0 
0 0 0 0 0 0 0 1 
0 0 0 0 0 0 1 1 
0 1 0 0 0 0 0 0 
0 1 0 0 0 0 0 0 
0 1 0 0 0 0 0 0 
0 0 0 0 0 1 0 0 

Cover Relations:
2 -> 7
3 -> 6
3 -> 7
4 -> 1
5 -> 1
6 -> 1
7 -> 5

Unique Lattice 43:
0 0 0 0 0 0 0 0 
0 0 0 0 0 0 0 0 
0 0 0 0 0 0 0 1 
0 0 0 0 0 1 1 0 
0 1 0 0 0 0 0 0 
0 0 1 0 0 0 0 0 
0 1 0 0 0 0 0 0 
0 1 0 0 0 0 0 0 

Cover Relations:
2 -> 7
3 -> 5
3 -> 6
4 -> 1
5 -> 2
6 -> 1
7 -> 1

Unique Lattice 44:
0 0 0 0 0 0 0 0 
0 0 0 0 0 0 0 0 
0 0 0 0 0 0 0 1 
0 0 0 0 0 1 1 0 
0 0 1 0 0 0 0 0 
0 1 0 0 0 0 0 0 
0 1 0 0 0 0 0 0 
0 1 0 0 0 0 0 0 

Cover Relations:
2 -> 7
3 -> 5
3 -> 6
4 -> 2
5 -> 1
6 -> 1
7 -> 1

Unique Lattice 45:
0 0 0 0 0 0 0 0 
0 0 0 0 0 0 0 0 
0 0 0 0 0 0 0 1 
0 0 0 0 0 1 1 1 
0 0 1 0 0 0 0 0 
0 1 0 0 0 0 0 0 
0 1 0 0 0 0 0 0 
0 1 0 0 0 0 0 0 

Cover Relations:
2 -> 7
3 -> 5
3 -> 6
3 -> 7
4 -> 2
5 -> 1
6 -> 1
7 -> 1

Unique Lattice 46:
0 0 0 0 0 0 0 0 
0 0 0 0 0 0 0 0 
0 0 0 0 0 0 0 1 
0 0 0 0 0 1 1 1 
0 1 0 0 0 0 0 0 
0 1 0 0 0 0 0 0 
0 1 0 0 0 0 0 0 
0 0 0 0 1 0 0 0 

Cover Relations:
2 -> 7
3 -> 5
3 -> 6
3 -> 7
4 -> 1
5 -> 1
6 -> 1
7 -> 4

Unique Lattice 47:
0 0 0 0 0 0 0 0 
0 0 0 0 0 0 0 0 
0 0 0 0 0 0 0 1 
0 0 0 0 1 1 1 0 
0 0 1 0 0 0 0 0 
0 1 0 0 0 0 0 0 
0 1 0 0 0 0 0 0 
0 1 0 0 0 0 0 0 

Cover Relations:
2 -> 7
3 -> 4
3 -> 5
3 -> 6
4 -> 2
5 -> 1
6 -> 1
7 -> 1

Unique Lattice 48:
0 0 0 0 0 0 0 0 
0 0 0 0 0 0 0 0 
0 0 0 0 0 0 0 1 
0 0 0 0 0 0 1 0 
0 0 0 0 0 0 1 1 
0 1 0 0 0 0 0 0 
0 1 0 0 0 0 0 0 
0 1 0 0 0 0 0 0 

Cover Relations:
2 -> 7
3 -> 6
4 -> 6
4 -> 7
5 -> 1
6 -> 1
7 -> 1

Unique Lattice 49:
0 0 0 0 0 0 0 0 
0 0 0 0 0 0 0 0 
0 0 0 0 0 0 0 1 
0 0 0 0 0 0 1 0 
0 0 0 1 0 0 0 1 
0 1 0 0 0 0 0 0 
0 1 0 0 0 0 0 0 
0 1 0 0 0 0 0 0 

Cover Relations:
2 -> 7
3 -> 6
4 -> 3
4 -> 7
5 -> 1
6 -> 1
7 -> 1

Unique Lattice 50:
0 0 0 0 0 0 0 0 
0 0 0 0 0 0 0 0 
0 0 0 0 0 0 0 1 
0 0 0 0 0 0 1 0 
0 0 1 1 0 0 0 0 
0 1 0 0 0 0 0 0 
0 1 0 0 0 0 0 0 
0 1 0 0 0 0 0 0 

Cover Relations:
2 -> 7
3 -> 6
4 -> 2
4 -> 3
5 -> 1
6 -> 1
7 -> 1

Unique Lattice 51:
0 0 0 0 0 0 0 0 
0 0 0 0 0 0 0 0 
0 0 0 0 0 0 0 1 
0 0 0 0 0 0 1 0 
0 0 0 0 0 1 0 0 
0 1 0 0 0 0 0 0 
0 1 0 0 0 0 0 0 
0 1 0 0 0 0 0 0 

Cover Relations:
2 -> 7
3 -> 6
4 -> 5
5 -> 1
6 -> 1
7 -> 1

Unique Lattice 52:
0 0 0 0 0 0 0 0 
0 0 0 0 0 0 0 0 
0 0 0 0 0 0 0 1 
0 0 0 0 0 0 1 0 
0 0 0 0 0 1 0 1 
0 1 0 0 0 0 0 0 
0 1 0 0 0 0 0 0 
0 1 0 0 0 0 0 0 

Cover Relations:
2 -> 7
3 -> 6
4 -> 5
4 -> 7
5 -> 1
6 -> 1
7 -> 1

Unique Lattice 53:
0 0 0 0 0 0 0 0 
0 0 0 0 0 0 0 0 
0 0 0 0 0 0 0 1 
0 0 0 0 0 0 1 0 
0 0 0 1 0 1 0 0 
0 1 0 0 0 0 0 0 
0 1 0 0 0 0 0 0 
0 1 0 0 0 0 0 0 

Cover Relations:
2 -> 7
3 -> 6
4 -> 3
4 -> 5
5 -> 1
6 -> 1
7 -> 1

Unique Lattice 54:
0 0 0 0 0 0 0 0 
0 0 0 0 0 0 0 0 
0 0 0 0 0 0 0 1 
0 0 0 0 0 0 1 0 
0 0 0 0 0 1 1 1 
0 1 0 0 0 0 0 0 
0 1 0 0 0 0 0 0 
0 1 0 0 0 0 0 0 

Cover Relations:
2 -> 7
3 -> 6
4 -> 5
4 -> 6
4 -> 7
5 -> 1
6 -> 1
7 -> 1

Unique Lattice 55:
0 0 0 0 0 0 0 0 
0 0 0 0 0 0 0 0 
0 0 0 0 0 0 0 1 
0 0 0 0 0 0 1 0 
0 0 0 1 0 1 0 1 
0 1 0 0 0 0 0 0 
0 1 0 0 0 0 0 0 
0 1 0 0 0 0 0 0 

Cover Relations:
2 -> 7
3 -> 6
4 -> 3
4 -> 5
4 -> 7
5 -> 1
6 -> 1
7 -> 1

Unique Lattice 56:
0 0 0 0 0 0 0 0 
0 0 0 0 0 0 0 0 
0 0 0 0 0 0 0 1 
0 0 0 0 0 0 1 0 
0 0 1 1 0 1 0 0 
0 1 0 0 0 0 0 0 
0 1 0 0 0 0 0 0 
0 1 0 0 0 0 0 0 

Cover Relations:
2 -> 7
3 -> 6
4 -> 2
4 -> 3
4 -> 5
5 -> 1
6 -> 1
7 -> 1

Unique Lattice 57:
0 0 0 0 0 0 0 0 
0 0 0 0 0 0 0 0 
0 0 0 0 0 0 0 1 
0 0 0 0 0 0 1 0 
0 1 0 0 0 0 0 0 
0 1 0 0 0 0 0 0 
0 0 0 0 0 1 0 1 
0 1 0 0 0 0 0 0 

Cover Relations:
2 -> 7
3 -> 6
4 -> 1
5 -> 1
6 -> 5
6 -> 7
7 -> 1

Unique Lattice 58:
0 0 0 0 0 0 0 0 
0 0 0 0 0 0 0 0 
0 0 0 0 0 0 0 1 
0 0 0 0 0 0 1 1 
0 0 1 1 0 0 0 0 
0 1 0 0 0 0 0 0 
0 1 0 0 0 0 0 0 
0 1 0 0 0 0 0 0 

Cover Relations:
2 -> 7
3 -> 6
3 -> 7
4 -> 2
4 -> 3
5 -> 1
6 -> 1
7 -> 1

Unique Lattice 59:
0 0 0 0 0 0 0 0 
0 0 0 0 0 0 0 0 
0 0 0 0 0 0 0 1 
0 0 0 0 0 0 1 1 
0 0 0 0 0 1 0 1 
0 1 0 0 0 0 0 0 
0 1 0 0 0 0 0 0 
0 1 0 0 0 0 0 0 

Cover Relations:
2 -> 7
3 -> 6
3 -> 7
4 -> 5
4 -> 7
5 -> 1
6 -> 1
7 -> 1

Unique Lattice 60:
0 0 0 0 0 0 0 0 
0 0 0 0 0 0 0 0 
0 0 0 0 0 0 0 1 
0 0 0 0 0 0 1 1 
0 0 1 0 0 1 0 0 
0 1 0 0 0 0 0 0 
0 1 0 0 0 0 0 0 
0 1 0 0 0 0 0 0 

Cover Relations:
2 -> 7
3 -> 6
3 -> 7
4 -> 2
4 -> 5
5 -> 1
6 -> 1
7 -> 1

Unique Lattice 61:
0 0 0 0 0 0 0 0 
0 0 0 0 0 0 0 0 
0 0 0 0 0 0 0 1 
0 0 0 0 0 0 1 1 
0 0 0 0 0 1 1 0 
0 1 0 0 0 0 0 0 
0 1 0 0 0 0 0 0 
0 1 0 0 0 0 0 0 

Cover Relations:
2 -> 7
3 -> 6
3 -> 7
4 -> 5
4 -> 6
5 -> 1
6 -> 1
7 -> 1

Unique Lattice 62:
0 0 0 0 0 0 0 0 
0 0 0 0 0 0 0 0 
0 0 0 0 0 0 0 1 
0 0 0 0 0 0 1 1 
0 0 0 1 0 1 0 0 
0 1 0 0 0 0 0 0 
0 1 0 0 0 0 0 0 
0 1 0 0 0 0 0 0 

Cover Relations:
2 -> 7
3 -> 6
3 -> 7
4 -> 3
4 -> 5
5 -> 1
6 -> 1
7 -> 1

Unique Lattice 63:
0 0 0 0 0 0 0 0 
0 0 0 0 0 0 0 0 
0 0 0 0 0 0 0 1 
0 0 0 0 0 0 1 1 
0 0 1 1 0 1 0 0 
0 1 0 0 0 0 0 0 
0 1 0 0 0 0 0 0 
0 1 0 0 0 0 0 0 

Cover Relations:
2 -> 7
3 -> 6
3 -> 7
4 -> 2
4 -> 3
4 -> 5
5 -> 1
6 -> 1
7 -> 1

Unique Lattice 64:
0 0 0 0 0 0 0 0 
0 0 0 0 0 0 0 0 
0 0 0 0 0 0 0 1 
0 0 0 0 0 0 1 0 
0 1 0 0 0 0 0 0 
0 1 0 0 0 0 0 0 
0 0 1 0 0 1 0 0 
0 1 0 0 0 0 0 0 

Cover Relations:
2 -> 7
3 -> 6
4 -> 1
5 -> 1
6 -> 2
6 -> 5
7 -> 1

Unique Lattice 65:
0 0 0 0 0 0 0 0 
0 0 0 0 0 0 0 0 
0 0 0 0 0 0 0 1 
0 0 1 0 0 0 1 0 
0 0 1 0 0 1 0 0 
0 1 0 0 0 0 0 0 
0 1 0 0 0 0 0 0 
0 1 0 0 0 0 0 0 

Cover Relations:
2 -> 7
3 -> 2
3 -> 6
4 -> 2
4 -> 5
5 -> 1
6 -> 1
7 -> 1

Unique Lattice 66:
0 0 0 0 0 0 0 0 
0 0 0 0 0 0 0 0 
0 0 0 0 0 0 0 1 
0 0 0 0 0 1 1 0 
0 0 1 0 0 0 1 0 
0 1 0 0 0 0 0 0 
0 1 0 0 0 0 0 0 
0 1 0 0 0 0 0 0 

Cover Relations:
2 -> 7
3 -> 5
3 -> 6
4 -> 2
4 -> 6
5 -> 1
6 -> 1
7 -> 1

Unique Lattice 67:
0 0 0 0 0 0 0 0 
0 0 0 0 0 0 0 0 
0 0 0 0 0 0 0 1 
0 0 0 0 0 1 1 0 
0 1 0 0 0 0 0 0 
0 0 1 0 1 0 0 0 
0 1 0 0 0 0 0 0 
0 1 0 0 0 0 0 0 

Cover Relations:
2 -> 7
3 -> 5
3 -> 6
4 -> 1
5 -> 2
5 -> 4
6 -> 1
7 -> 1

Unique Lattice 68:
0 0 0 0 0 0 0 0 
0 0 0 0 0 0 0 0 
0 0 0 0 0 0 0 1 
0 0 0 0 0 0 1 0 
0 1 0 0 0 0 0 0 
0 1 0 0 0 0 0 0 
0 0 0 0 1 1 0 0 
0 1 0 0 0 0 0 0 

Cover Relations:
2 -> 7
3 -> 6
4 -> 1
5 -> 1
6 -> 4
6 -> 5
7 -> 1

Unique Lattice 69:
0 0 0 0 0 0 0 0 
0 0 0 0 0 0 0 0 
0 0 0 0 0 0 0 1 
0 0 0 0 0 0 1 1 
0 1 0 0 0 0 0 0 
0 1 0 0 0 0 0 0 
0 0 0 0 1 1 0 0 
0 1 0 0 0 0 0 0 

Cover Relations:
2 -> 7
3 -> 6
3 -> 7
4 -> 1
5 -> 1
6 -> 4
6 -> 5
7 -> 1

Unique Lattice 70:
0 0 0 0 0 0 0 0 
0 0 0 0 0 0 0 0 
0 0 0 0 0 0 0 1 
0 0 0 0 0 1 1 0 
0 0 1 1 0 0 0 0 
0 1 0 0 0 0 0 0 
0 1 0 0 0 0 0 0 
0 1 0 0 0 0 0 0 

Cover Relations:
2 -> 7
3 -> 5
3 -> 6
4 -> 2
4 -> 3
5 -> 1
6 -> 1
7 -> 1

Unique Lattice 71:
0 0 0 0 0 0 0 0 
0 0 0 0 0 0 0 0 
0 0 0 0 0 0 0 1 
0 0 0 0 0 0 1 0 
0 1 0 0 0 0 0 0 
0 1 0 0 0 0 0 0 
0 0 0 0 1 1 0 1 
0 1 0 0 0 0 0 0 

Cover Relations:
2 -> 7
3 -> 6
4 -> 1
5 -> 1
6 -> 4
6 -> 5
6 -> 7
7 -> 1

Unique Lattice 72:
0 0 0 0 0 0 0 0 
0 0 0 0 0 0 0 0 
0 0 0 0 0 0 0 1 
0 0 0 0 0 1 1 1 
0 0 1 1 0 0 0 0 
0 1 0 0 0 0 0 0 
0 1 0 0 0 0 0 0 
0 1 0 0 0 0 0 0 

Cover Relations:
2 -> 7
3 -> 5
3 -> 6
3 -> 7
4 -> 2
4 -> 3
5 -> 1
6 -> 1
7 -> 1

Unique Lattice 73:
0 0 0 0 0 0 0 0 
0 0 0 0 0 0 0 0 
0 0 0 0 0 0 0 1 
0 0 0 0 0 0 1 0 
0 1 0 0 0 0 0 0 
0 1 0 0 0 0 0 0 
0 0 1 0 1 1 0 0 
0 1 0 0 0 0 0 0 

Cover Relations:
2 -> 7
3 -> 6
4 -> 1
5 -> 1
6 -> 2
6 -> 4
6 -> 5
7 -> 1

Unique Lattice 74:
0 0 0 0 0 0 0 0 
0 0 0 0 0 0 0 0 
0 0 0 0 0 0 0 1 
0 0 0 0 0 0 0 1 
0 1 0 0 0 0 0 0 
0 1 0 0 0 0 0 0 
0 1 0 0 0 0 0 0 
0 0 0 0 0 1 1 0 

Cover Relations:
2 -> 7
3 -> 7
4 -> 1
5 -> 1
6 -> 1
7 -> 5
7 -> 6

Unique Lattice 75:
0 0 0 0 0 0 0 0 
0 0 0 0 0 0 0 0 
0 0 0 0 0 0 0 1 
0 0 0 0 0 1 1 0 
0 1 0 0 0 0 0 0 
0 1 0 0 0 0 0 0 
0 1 0 0 0 0 0 0 
0 0 0 1 0 0 0 0 

Cover Relations:
2 -> 7
3 -> 5
3 -> 6
4 -> 1
5 -> 1
6 -> 1
7 -> 3

Unique Lattice 76:
0 0 0 0 0 0 0 0 
0 0 0 0 0 0 0 0 
0 0 0 0 0 0 0 1 
0 0 0 0 0 1 1 0 
0 1 0 0 0 0 0 0 
0 1 0 0 0 0 0 0 
0 1 0 0 0 0 0 0 
0 0 0 0 1 0 1 0 

Cover Relations:
2 -> 7
3 -> 5
3 -> 6
4 -> 1
5 -> 1
6 -> 1
7 -> 4
7 -> 6

Unique Lattice 77:
0 0 0 0 0 0 0 0 
0 0 0 0 0 0 0 0 
0 0 0 0 0 0 0 1 
0 0 0 0 0 0 1 1 
0 1 0 0 0 0 0 0 
0 1 0 0 0 0 0 0 
0 1 0 0 0 0 0 0 
0 0 0 0 1 1 0 0 

Cover Relations:
2 -> 7
3 -> 6
3 -> 7
4 -> 1
5 -> 1
6 -> 1
7 -> 4
7 -> 5

Unique Lattice 78:
0 0 0 0 0 0 0 0 
0 0 0 0 0 0 0 0 
0 0 0 0 0 0 0 1 
0 0 1 0 0 0 1 0 
0 1 0 0 0 0 0 0 
0 1 0 0 0 0 0 0 
0 1 0 0 0 0 0 0 
0 0 0 0 1 1 0 0 

Cover Relations:
2 -> 7
3 -> 2
3 -> 6
4 -> 1
5 -> 1
6 -> 1
7 -> 4
7 -> 5

Unique Lattice 79:
0 0 0 0 0 0 0 0 
0 0 0 0 0 0 0 0 
0 0 0 0 0 0 1 1 
0 0 0 0 0 1 0 1 
0 0 0 0 0 1 1 0 
0 1 0 0 0 0 0 0 
0 1 0 0 0 0 0 0 
0 1 0 0 0 0 0 0 

Cover Relations:
2 -> 6
2 -> 7
3 -> 5
3 -> 7
4 -> 5
4 -> 6
5 -> 1
6 -> 1
7 -> 1

Unique Lattice 80:
0 0 0 0 0 0 0 0 
0 0 0 0 0 0 0 0 
0 0 0 0 0 0 1 1 
0 0 0 0 0 1 0 1 
0 0 1 1 0 0 0 0 
0 1 0 0 0 0 0 0 
0 1 0 0 0 0 0 0 
0 1 0 0 0 0 0 0 

Cover Relations:
2 -> 6
2 -> 7
3 -> 5
3 -> 7
4 -> 2
4 -> 3
5 -> 1
6 -> 1
7 -> 1

Unique Lattice 81:
0 0 0 0 0 0 0 0 
0 0 0 0 0 0 0 0 
0 0 0 0 0 0 0 1 
0 0 0 0 0 1 1 0 
0 1 0 0 0 0 0 0 
0 1 0 0 0 0 0 0 
0 1 0 0 0 0 0 0 
0 0 0 1 1 0 0 0 

Cover Relations:
2 -> 7
3 -> 5
3 -> 6
4 -> 1
5 -> 1
6 -> 1
7 -> 3
7 -> 4

Unique Lattice 82:
0 0 0 0 0 0 0 0 
0 0 0 0 0 0 0 0 
0 0 0 0 0 0 0 1 
0 0 0 0 0 0 0 1 
0 1 0 0 0 0 0 0 
0 1 0 0 0 0 0 0 
0 1 0 0 0 0 0 0 
0 0 0 0 1 1 1 0 

Cover Relations:
2 -> 7
3 -> 7
4 -> 1
5 -> 1
6 -> 1
7 -> 4
7 -> 5
7 -> 6

Unique Lattice 83:
0 0 0 0 0 0 0 0 
0 0 0 0 0 0 0 0 
0 0 0 0 0 0 0 1 
0 0 0 0 1 1 1 0 
0 1 0 0 0 0 0 0 
0 1 0 0 0 0 0 0 
0 1 0 0 0 0 0 0 
0 0 0 1 0 0 0 0 

Cover Relations:
2 -> 7
3 -> 4
3 -> 5
3 -> 6
4 -> 1
5 -> 1
6 -> 1
7 -> 3

Unique Lattice 84:
0 0 0 0 0 0 0 0 
0 0 0 0 0 0 0 0 
0 0 0 0 0 0 0 1 
0 0 0 0 0 0 0 1 
0 0 0 0 0 0 0 1 
0 0 0 0 0 0 0 1 
0 1 0 0 0 0 0 0 
0 1 0 0 0 0 0 0 

Cover Relations:
2 -> 7
3 -> 7
4 -> 7
5 -> 7
6 -> 1
7 -> 1

Unique Lattice 85:
0 0 0 0 0 0 0 0 
0 0 0 0 0 0 0 0 
0 0 0 0 0 0 0 1 
0 0 0 0 0 0 0 1 
0 0 0 0 0 0 0 1 
0 0 0 0 1 0 0 0 
0 1 0 0 0 0 0 0 
0 1 0 0 0 0 0 0 

Cover Relations:
2 -> 7
3 -> 7
4 -> 7
5 -> 4
6 -> 1
7 -> 1

Unique Lattice 86:
0 0 0 0 0 0 0 0 
0 0 0 0 0 0 0 0 
0 0 0 0 0 0 0 1 
0 0 0 0 0 0 0 1 
0 0 0 0 0 0 0 1 
0 0 0 1 1 0 0 0 
0 1 0 0 0 0 0 0 
0 1 0 0 0 0 0 0 

Cover Relations:
2 -> 7
3 -> 7
4 -> 7
5 -> 3
5 -> 4
6 -> 1
7 -> 1

Unique Lattice 87:
0 0 0 0 0 0 0 0 
0 0 0 0 0 0 0 0 
0 0 0 0 0 0 0 1 
0 0 0 0 0 0 0 1 
0 0 0 0 0 0 0 1 
0 0 1 1 1 0 0 0 
0 1 0 0 0 0 0 0 
0 1 0 0 0 0 0 0 

Cover Relations:
2 -> 7
3 -> 7
4 -> 7
5 -> 2
5 -> 3
5 -> 4
6 -> 1
7 -> 1

Unique Lattice 88:
0 0 0 0 0 0 0 0 
0 0 0 0 0 0 0 0 
0 0 0 0 0 0 0 1 
0 0 0 0 0 0 0 1 
0 0 0 0 0 0 0 1 
0 0 0 0 0 0 1 0 
0 1 0 0 0 0 0 0 
0 1 0 0 0 0 0 0 

Cover Relations:
2 -> 7
3 -> 7
4 -> 7
5 -> 6
6 -> 1
7 -> 1

Unique Lattice 89:
0 0 0 0 0 0 0 0 
0 0 0 0 0 0 0 0 
0 0 0 0 0 0 0 1 
0 0 0 0 0 0 0 1 
0 0 0 0 0 0 0 1 
0 0 0 0 0 0 1 1 
0 1 0 0 0 0 0 0 
0 1 0 0 0 0 0 0 

Cover Relations:
2 -> 7
3 -> 7
4 -> 7
5 -> 6
5 -> 7
6 -> 1
7 -> 1

Unique Lattice 90:
0 0 0 0 0 0 0 0 
0 0 0 0 0 0 0 0 
0 0 0 0 0 0 0 1 
0 0 0 0 0 0 0 1 
0 0 0 0 0 0 0 1 
0 0 0 0 1 0 1 0 
0 1 0 0 0 0 0 0 
0 1 0 0 0 0 0 0 

Cover Relations:
2 -> 7
3 -> 7
4 -> 7
5 -> 4
5 -> 6
6 -> 1
7 -> 1

Unique Lattice 91:
0 0 0 0 0 0 0 0 
0 0 0 0 0 0 0 0 
0 0 0 0 0 0 0 1 
0 0 0 0 0 0 0 1 
0 0 0 0 0 0 0 1 
0 0 0 1 1 0 1 0 
0 1 0 0 0 0 0 0 
0 1 0 0 0 0 0 0 

Cover Relations:
2 -> 7
3 -> 7
4 -> 7
5 -> 3
5 -> 4
5 -> 6
6 -> 1
7 -> 1

Unique Lattice 92:
0 0 0 0 0 0 0 0 
0 0 0 0 0 0 0 0 
0 0 0 0 0 0 0 1 
0 0 0 0 0 0 0 1 
0 0 0 0 0 0 0 1 
0 0 1 1 1 0 1 0 
0 1 0 0 0 0 0 0 
0 1 0 0 0 0 0 0 

Cover Relations:
2 -> 7
3 -> 7
4 -> 7
5 -> 2
5 -> 3
5 -> 4
5 -> 6
6 -> 1
7 -> 1

Unique Lattice 93:
0 0 0 0 0 0 0 0 
0 0 0 0 0 0 0 0 
0 0 0 0 0 0 0 1 
0 0 0 0 0 0 0 1 
0 0 0 0 0 0 1 0 
0 1 0 0 0 0 0 0 
0 1 0 0 0 0 0 0 
0 0 0 0 0 0 1 0 

Cover Relations:
2 -> 7
3 -> 7
4 -> 6
5 -> 1
6 -> 1
7 -> 6

Unique Lattice 94:
0 0 0 0 0 0 0 0 
0 0 0 0 0 0 0 0 
0 0 0 0 0 0 0 1 
0 0 0 0 0 0 0 1 
0 0 0 0 0 0 1 0 
0 1 0 0 0 0 0 0 
0 0 0 1 0 0 0 0 
0 1 0 0 0 0 0 0 

Cover Relations:
2 -> 7
3 -> 7
4 -> 6
5 -> 1
6 -> 3
7 -> 1

Unique Lattice 95:
0 0 0 0 0 0 0 0 
0 0 0 0 0 0 0 0 
0 0 0 0 0 0 0 1 
0 0 0 0 0 0 0 1 
0 0 0 1 0 0 0 0 
0 0 1 0 0 0 0 0 
0 1 0 0 0 0 0 0 
0 1 0 0 0 0 0 0 

Cover Relations:
2 -> 7
3 -> 7
4 -> 3
5 -> 2
6 -> 1
7 -> 1

Unique Lattice 96:
0 0 0 0 0 0 0 0 
0 0 0 0 0 0 0 0 
0 0 0 0 0 0 0 1 
0 0 0 0 0 0 0 1 
0 0 0 1 0 0 0 0 
0 0 1 1 0 0 0 0 
0 1 0 0 0 0 0 0 
0 1 0 0 0 0 0 0 

Cover Relations:
2 -> 7
3 -> 7
4 -> 3
5 -> 2
5 -> 3
6 -> 1
7 -> 1

Unique Lattice 97:
0 0 0 0 0 0 0 0 
0 0 0 0 0 0 0 0 
0 0 0 0 0 0 0 1 
0 0 0 0 0 0 0 1 
0 0 0 1 0 0 0 0 
0 0 1 0 1 0 0 0 
0 1 0 0 0 0 0 0 
0 1 0 0 0 0 0 0 

Cover Relations:
2 -> 7
3 -> 7
4 -> 3
5 -> 2
5 -> 4
6 -> 1
7 -> 1

Unique Lattice 98:
0 0 0 0 0 0 0 0 
0 0 0 0 0 0 0 0 
0 0 0 0 0 0 0 1 
0 0 0 0 0 0 0 1 
0 0 0 0 0 0 1 0 
0 0 0 1 0 0 0 0 
0 1 0 0 0 0 0 0 
0 1 0 0 0 0 0 0 

Cover Relations:
2 -> 7
3 -> 7
4 -> 6
5 -> 3
6 -> 1
7 -> 1

Unique Lattice 99:
0 0 0 0 0 0 0 0 
0 0 0 0 0 0 0 0 
0 0 0 0 0 0 0 1 
0 0 0 0 0 0 0 1 
0 0 0 0 0 0 1 1 
0 0 0 1 0 0 0 0 
0 1 0 0 0 0 0 0 
0 1 0 0 0 0 0 0 

Cover Relations:
2 -> 7
3 -> 7
4 -> 6
4 -> 7
5 -> 3
6 -> 1
7 -> 1

Unique Lattice 100:
0 0 0 0 0 0 0 0 
0 0 0 0 0 0 0 0 
0 0 0 0 0 0 0 1 
0 0 0 0 0 0 0 1 
0 0 0 1 0 0 0 0 
0 0 0 1 0 0 1 0 
0 1 0 0 0 0 0 0 
0 1 0 0 0 0 0 0 

Cover Relations:
2 -> 7
3 -> 7
4 -> 3
5 -> 3
5 -> 6
6 -> 1
7 -> 1

Unique Lattice 101:
0 0 0 0 0 0 0 0 
0 0 0 0 0 0 0 0 
0 0 0 0 0 0 0 1 
0 0 0 0 0 0 0 1 
0 0 0 0 0 1 1 0 
0 0 0 1 0 0 0 0 
0 1 0 0 0 0 0 0 
0 1 0 0 0 0 0 0 

Cover Relations:
2 -> 7
3 -> 7
4 -> 5
4 -> 6
5 -> 3
6 -> 1
7 -> 1

Unique Lattice 102:
0 0 0 0 0 0 0 0 
0 0 0 0 0 0 0 0 
0 0 0 0 0 0 0 1 
0 0 0 0 0 0 0 1 
0 0 0 1 0 0 0 0 
0 0 1 0 0 0 1 0 
0 1 0 0 0 0 0 0 
0 1 0 0 0 0 0 0 

Cover Relations:
2 -> 7
3 -> 7
4 -> 3
5 -> 2
5 -> 6
6 -> 1
7 -> 1

Unique Lattice 103:
0 0 0 0 0 0 0 0 
0 0 0 0 0 0 0 0 
0 0 0 0 0 0 0 1 
0 0 0 0 0 0 0 1 
0 0 0 1 0 0 0 0 
0 0 1 1 0 0 1 0 
0 1 0 0 0 0 0 0 
0 1 0 0 0 0 0 0 

Cover Relations:
2 -> 7
3 -> 7
4 -> 3
5 -> 2
5 -> 3
5 -> 6
6 -> 1
7 -> 1

Unique Lattice 104:
0 0 0 0 0 0 0 0 
0 0 0 0 0 0 0 0 
0 0 0 0 0 0 0 1 
0 0 0 0 0 0 0 1 
0 0 0 1 0 0 0 0 
0 0 1 0 1 0 1 0 
0 1 0 0 0 0 0 0 
0 1 0 0 0 0 0 0 

Cover Relations:
2 -> 7
3 -> 7
4 -> 3
5 -> 2
5 -> 4
5 -> 6
6 -> 1
7 -> 1

Unique Lattice 105:
0 0 0 0 0 0 0 0 
0 0 0 0 0 0 0 0 
0 0 0 0 0 0 0 1 
0 0 0 0 0 0 0 1 
0 0 0 0 0 0 1 0 
0 1 0 0 0 0 0 0 
0 0 1 1 0 0 0 0 
0 1 0 0 0 0 0 0 

Cover Relations:
2 -> 7
3 -> 7
4 -> 6
5 -> 1
6 -> 2
6 -> 3
7 -> 1

Unique Lattice 106:
0 0 0 0 0 0 0 0 
0 0 0 0 0 0 0 0 
0 0 0 0 0 0 0 1 
0 0 0 0 0 0 0 1 
0 0 0 0 0 0 1 0 
0 0 1 1 0 0 0 0 
0 1 0 0 0 0 0 0 
0 1 0 0 0 0 0 0 

Cover Relations:
2 -> 7
3 -> 7
4 -> 6
5 -> 2
5 -> 3
6 -> 1
7 -> 1

Unique Lattice 107:
0 0 0 0 0 0 0 0 
0 0 0 0 0 0 0 0 
0 0 0 0 0 0 0 1 
0 0 0 0 0 0 0 1 
0 0 0 0 0 0 1 1 
0 0 1 1 0 0 0 0 
0 1 0 0 0 0 0 0 
0 1 0 0 0 0 0 0 

Cover Relations:
2 -> 7
3 -> 7
4 -> 6
4 -> 7
5 -> 2
5 -> 3
6 -> 1
7 -> 1

Unique Lattice 108:
0 0 0 0 0 0 0 0 
0 0 0 0 0 0 0 0 
0 0 0 0 0 0 0 1 
0 0 0 0 0 0 0 1 
0 0 0 1 0 0 1 0 
0 0 1 1 0 0 0 0 
0 1 0 0 0 0 0 0 
0 1 0 0 0 0 0 0 

Cover Relations:
2 -> 7
3 -> 7
4 -> 3
4 -> 6
5 -> 2
5 -> 3
6 -> 1
7 -> 1

Unique Lattice 109:
0 0 0 0 0 0 0 0 
0 0 0 0 0 0 0 0 
0 0 0 0 0 0 0 1 
0 0 0 0 0 0 0 1 
0 0 0 0 0 1 1 0 
0 0 1 1 0 0 0 0 
0 1 0 0 0 0 0 0 
0 1 0 0 0 0 0 0 

Cover Relations:
2 -> 7
3 -> 7
4 -> 5
4 -> 6
5 -> 2
5 -> 3
6 -> 1
7 -> 1

Unique Lattice 110:
0 0 0 0 0 0 0 0 
0 0 0 0 0 0 0 0 
0 0 0 0 0 0 0 1 
0 0 0 0 0 0 0 1 
0 0 0 0 0 0 1 0 
0 0 0 0 0 0 1 0 
0 1 0 0 0 0 0 0 
0 1 0 0 0 0 0 0 

Cover Relations:
2 -> 7
3 -> 7
4 -> 6
5 -> 6
6 -> 1
7 -> 1

Unique Lattice 111:
0 0 0 0 0 0 0 0 
0 0 0 0 0 0 0 0 
0 0 0 0 0 0 0 1 
0 0 0 0 0 0 0 1 
0 0 0 0 0 0 1 0 
0 0 0 0 1 0 0 0 
0 1 0 0 0 0 0 0 
0 1 0 0 0 0 0 0 

Cover Relations:
2 -> 7
3 -> 7
4 -> 6
5 -> 4
6 -> 1
7 -> 1

Unique Lattice 112:
0 0 0 0 0 0 0 0 
0 0 0 0 0 0 0 0 
0 0 0 0 0 0 0 1 
0 0 0 0 0 0 0 1 
0 0 0 0 0 0 1 0 
0 0 0 0 0 0 1 1 
0 1 0 0 0 0 0 0 
0 1 0 0 0 0 0 0 

Cover Relations:
2 -> 7
3 -> 7
4 -> 6
5 -> 6
5 -> 7
6 -> 1
7 -> 1

Unique Lattice 113:
0 0 0 0 0 0 0 0 
0 0 0 0 0 0 0 0 
0 0 0 0 0 0 0 1 
0 0 0 0 0 0 0 1 
0 0 0 0 0 0 1 0 
0 0 0 0 1 0 0 1 
0 1 0 0 0 0 0 0 
0 1 0 0 0 0 0 0 

Cover Relations:
2 -> 7
3 -> 7
4 -> 6
5 -> 4
5 -> 7
6 -> 1
7 -> 1

Unique Lattice 114:
0 0 0 0 0 0 0 0 
0 0 0 0 0 0 0 0 
0 0 0 0 0 0 0 1 
0 0 0 0 0 0 0 1 
0 0 0 0 0 0 1 0 
0 0 0 1 0 0 1 0 
0 1 0 0 0 0 0 0 
0 1 0 0 0 0 0 0 

Cover Relations:
2 -> 7
3 -> 7
4 -> 6
5 -> 3
5 -> 6
6 -> 1
7 -> 1

Unique Lattice 115:
0 0 0 0 0 0 0 0 
0 0 0 0 0 0 0 0 
0 0 0 0 0 0 0 1 
0 0 0 0 0 0 0 1 
0 0 0 0 0 0 1 0 
0 0 0 1 1 0 0 0 
0 1 0 0 0 0 0 0 
0 1 0 0 0 0 0 0 

Cover Relations:
2 -> 7
3 -> 7
4 -> 6
5 -> 3
5 -> 4
6 -> 1
7 -> 1

Unique Lattice 116:
0 0 0 0 0 0 0 0 
0 0 0 0 0 0 0 0 
0 0 0 0 0 0 0 1 
0 0 0 0 0 0 0 1 
0 0 0 0 0 0 1 0 
0 0 1 1 0 0 1 0 
0 1 0 0 0 0 0 0 
0 1 0 0 0 0 0 0 

Cover Relations:
2 -> 7
3 -> 7
4 -> 6
5 -> 2
5 -> 3
5 -> 6
6 -> 1
7 -> 1

Unique Lattice 117:
0 0 0 0 0 0 0 0 
0 0 0 0 0 0 0 0 
0 0 0 0 0 0 0 1 
0 0 0 0 0 0 0 1 
0 0 0 0 0 0 1 0 
0 0 1 1 1 0 0 0 
0 1 0 0 0 0 0 0 
0 1 0 0 0 0 0 0 

Cover Relations:
2 -> 7
3 -> 7
4 -> 6
5 -> 2
5 -> 3
5 -> 4
6 -> 1
7 -> 1

Unique Lattice 118:
0 0 0 0 0 0 0 0 
0 0 0 0 0 0 0 0 
0 0 0 0 0 0 0 1 
0 0 0 0 0 0 0 1 
0 0 0 0 0 0 1 0 
0 1 0 0 0 0 0 0 
0 0 0 0 0 1 0 1 
0 1 0 0 0 0 0 0 

Cover Relations:
2 -> 7
3 -> 7
4 -> 6
5 -> 1
6 -> 5
6 -> 7
7 -> 1

Unique Lattice 119:
0 0 0 0 0 0 0 0 
0 0 0 0 0 0 0 0 
0 0 0 0 0 0 0 1 
0 0 0 0 0 0 0 1 
0 0 0 0 0 0 1 1 
0 0 0 1 1 0 0 0 
0 1 0 0 0 0 0 0 
0 1 0 0 0 0 0 0 

Cover Relations:
2 -> 7
3 -> 7
4 -> 6
4 -> 7
5 -> 3
5 -> 4
6 -> 1
7 -> 1

Unique Lattice 120:
0 0 0 0 0 0 0 0 
0 0 0 0 0 0 0 0 
0 0 0 0 0 0 0 1 
0 0 0 0 0 0 0 1 
0 0 0 0 0 0 1 1 
0 0 1 1 1 0 0 0 
0 1 0 0 0 0 0 0 
0 1 0 0 0 0 0 0 

Cover Relations:
2 -> 7
3 -> 7
4 -> 6
4 -> 7
5 -> 2
5 -> 3
5 -> 4
6 -> 1
7 -> 1

Unique Lattice 121:
0 0 0 0 0 0 0 0 
0 0 0 0 0 0 0 0 
0 0 0 0 0 0 0 1 
0 0 0 0 0 0 0 1 
0 0 0 0 0 0 1 0 
0 1 0 0 0 0 0 0 
0 0 0 1 0 1 0 0 
0 1 0 0 0 0 0 0 

Cover Relations:
2 -> 7
3 -> 7
4 -> 6
5 -> 1
6 -> 3
6 -> 5
7 -> 1

Unique Lattice 122:
0 0 0 0 0 0 0 0 
0 0 0 0 0 0 0 0 
0 0 0 0 0 0 0 1 
0 0 0 0 0 0 0 1 
0 0 0 1 0 0 1 0 
0 0 1 0 1 0 0 0 
0 1 0 0 0 0 0 0 
0 1 0 0 0 0 0 0 

Cover Relations:
2 -> 7
3 -> 7
4 -> 3
4 -> 6
5 -> 2
5 -> 4
6 -> 1
7 -> 1

Unique Lattice 123:
0 0 0 0 0 0 0 0 
0 0 0 0 0 0 0 0 
0 0 0 0 0 0 0 1 
0 0 0 0 0 0 0 1 
0 0 0 0 0 0 1 0 
0 1 0 0 0 0 0 0 
0 0 1 1 0 1 0 0 
0 1 0 0 0 0 0 0 

Cover Relations:
2 -> 7
3 -> 7
4 -> 6
5 -> 1
6 -> 2
6 -> 3
6 -> 5
7 -> 1

Unique Lattice 124:
0 0 0 0 0 0 0 0 
0 0 0 0 0 0 0 0 
0 0 0 0 0 0 0 1 
0 0 0 0 0 0 0 1 
0 0 0 0 0 0 0 1 
0 1 0 0 0 0 0 0 
0 1 0 0 0 0 0 0 
0 0 0 0 0 0 1 0 

Cover Relations:
2 -> 7
3 -> 7
4 -> 7
5 -> 1
6 -> 1
7 -> 6

Unique Lattice 125:
0 0 0 0 0 0 0 0 
0 0 0 0 0 0 0 0 
0 0 0 0 0 0 0 1 
0 0 0 0 0 0 0 1 
0 0 0 1 0 0 0 0 
0 1 0 0 0 0 0 0 
0 1 0 0 0 0 0 0 
0 0 0 0 0 0 1 0 

Cover Relations:
2 -> 7
3 -> 7
4 -> 3
5 -> 1
6 -> 1
7 -> 6

Unique Lattice 126:
0 0 0 0 0 0 0 0 
0 0 0 0 0 0 0 0 
0 0 0 0 0 0 0 1 
0 0 0 0 0 0 0 1 
0 0 1 1 0 0 0 0 
0 1 0 0 0 0 0 0 
0 1 0 0 0 0 0 0 
0 0 0 0 0 0 1 0 

Cover Relations:
2 -> 7
3 -> 7
4 -> 2
4 -> 3
5 -> 1
6 -> 1
7 -> 6

Unique Lattice 127:
0 0 0 0 0 0 0 0 
0 0 0 0 0 0 0 0 
0 0 0 0 0 0 0 1 
0 0 0 0 0 0 0 1 
0 0 0 0 0 0 1 0 
0 1 0 0 0 0 0 0 
0 1 0 0 0 0 0 0 
0 0 0 0 0 1 0 0 

Cover Relations:
2 -> 7
3 -> 7
4 -> 6
5 -> 1
6 -> 1
7 -> 5

Unique Lattice 128:
0 0 0 0 0 0 0 0 
0 0 0 0 0 0 0 0 
0 0 0 0 0 0 0 1 
0 0 0 0 0 0 0 1 
0 0 0 0 0 1 1 0 
0 1 0 0 0 0 0 0 
0 1 0 0 0 0 0 0 
0 0 0 0 0 0 1 0 

Cover Relations:
2 -> 7
3 -> 7
4 -> 5
4 -> 6
5 -> 1
6 -> 1
7 -> 6

Unique Lattice 129:
0 0 0 0 0 0 0 0 
0 0 0 0 0 0 0 0 
0 0 0 0 0 0 0 1 
0 0 0 0 0 0 0 1 
0 0 0 0 0 0 1 1 
0 1 0 0 0 0 0 0 
0 1 0 0 0 0 0 0 
0 0 0 0 0 1 0 0 

Cover Relations:
2 -> 7
3 -> 7
4 -> 6
4 -> 7
5 -> 1
6 -> 1
7 -> 5

Unique Lattice 130:
0 0 0 0 0 0 0 0 
0 0 0 0 0 0 0 0 
0 0 0 0 0 0 0 1 
0 0 0 0 0 0 0 1 
0 0 0 1 0 0 1 0 
0 1 0 0 0 0 0 0 
0 1 0 0 0 0 0 0 
0 0 0 0 0 1 0 0 

Cover Relations:
2 -> 7
3 -> 7
4 -> 3
4 -> 6
5 -> 1
6 -> 1
7 -> 5

Unique Lattice 131:
0 0 0 0 0 0 0 0 
0 0 0 0 0 0 0 0 
0 0 0 0 0 0 0 1 
0 0 0 0 0 0 0 1 
0 0 1 1 0 0 1 0 
0 1 0 0 0 0 0 0 
0 1 0 0 0 0 0 0 
0 0 0 0 0 1 0 0 

Cover Relations:
2 -> 7
3 -> 7
4 -> 2
4 -> 3
4 -> 6
5 -> 1
6 -> 1
7 -> 5

Unique Lattice 132:
0 0 0 0 0 0 0 0 
0 0 0 0 0 0 0 0 
0 0 0 0 0 0 0 1 
0 0 0 0 0 0 0 1 
0 0 0 0 0 0 1 0 
0 1 0 0 0 0 0 0 
0 1 0 0 0 0 0 0 
0 0 0 0 1 0 0 0 

Cover Relations:
2 -> 7
3 -> 7
4 -> 6
5 -> 1
6 -> 1
7 -> 4

Unique Lattice 133:
0 0 0 0 0 0 0 0 
0 0 0 0 0 0 0 0 
0 0 0 0 0 0 0 1 
0 0 0 0 0 0 1 0 
0 0 0 1 0 0 0 0 
0 1 0 0 0 0 0 0 
0 0 1 0 0 0 0 0 
0 1 0 0 0 0 0 0 

Cover Relations:
2 -> 7
3 -> 6
4 -> 3
5 -> 1
6 -> 2
7 -> 1

Unique Lattice 134:
0 0 0 0 0 0 0 0 
0 0 0 0 0 0 0 0 
0 0 0 0 0 0 0 1 
0 0 0 0 0 0 1 0 
0 0 0 0 0 1 0 0 
0 0 0 1 0 0 0 0 
0 1 0 0 0 0 0 0 
0 1 0 0 0 0 0 0 

Cover Relations:
2 -> 7
3 -> 6
4 -> 5
5 -> 3
6 -> 1
7 -> 1

Unique Lattice 135:
0 0 0 0 0 0 0 0 
0 0 0 0 0 0 0 0 
0 0 0 0 0 0 0 1 
0 0 0 0 0 0 1 0 
0 0 0 0 0 1 0 1 
0 1 0 0 0 0 0 0 
0 0 1 0 0 0 0 0 
0 1 0 0 0 0 0 0 

Cover Relations:
2 -> 7
3 -> 6
4 -> 5
4 -> 7
5 -> 1
6 -> 2
7 -> 1

Unique Lattice 136:
0 0 0 0 0 0 0 0 
0 0 0 0 0 0 0 0 
0 0 0 0 0 0 0 1 
0 0 0 0 0 0 1 0 
0 0 0 1 0 1 0 0 
0 1 0 0 0 0 0 0 
0 1 0 0 0 0 0 0 
0 0 0 1 0 0 0 0 

Cover Relations:
2 -> 7
3 -> 6
4 -> 3
4 -> 5
5 -> 1
6 -> 1
7 -> 3

Unique Lattice 137:
0 0 0 0 0 0 0 0 
0 0 0 0 0 0 0 0 
0 0 0 0 0 0 0 1 
0 0 0 0 0 0 1 0 
0 0 0 0 0 1 0 1 
0 1 0 0 0 0 0 0 
0 1 0 0 0 0 0 0 
0 0 0 1 0 0 0 0 

Cover Relations:
2 -> 7
3 -> 6
4 -> 5
4 -> 7
5 -> 1
6 -> 1
7 -> 3

Unique Lattice 138:
0 0 0 0 0 0 0 0 
0 0 0 0 0 0 0 0 
0 0 0 0 0 0 0 1 
0 0 0 0 0 0 1 0 
0 0 0 1 0 1 0 0 
0 1 0 0 0 0 0 0 
0 0 1 0 0 0 0 0 
0 1 0 0 0 0 0 0 

Cover Relations:
2 -> 7
3 -> 6
4 -> 3
4 -> 5
5 -> 1
6 -> 2
7 -> 1

Unique Lattice 139:
0 0 0 0 0 0 0 0 
0 0 0 0 0 0 0 0 
0 0 0 0 0 0 0 1 
0 0 0 0 0 0 1 0 
0 0 0 1 0 0 0 0 
0 0 1 0 0 0 0 0 
0 1 0 0 0 0 0 0 
0 1 0 0 0 0 0 0 

Cover Relations:
2 -> 7
3 -> 6
4 -> 3
5 -> 2
6 -> 1
7 -> 1

Unique Lattice 140:
0 0 0 0 0 0 0 0 
0 0 0 0 0 0 0 0 
0 0 0 0 0 0 0 1 
0 0 0 0 0 0 1 0 
0 0 0 0 0 0 1 1 
0 0 0 1 0 0 0 0 
0 1 0 0 0 0 0 0 
0 1 0 0 0 0 0 0 

Cover Relations:
2 -> 7
3 -> 6
4 -> 6
4 -> 7
5 -> 3
6 -> 1
7 -> 1

Unique Lattice 141:
0 0 0 0 0 0 0 0 
0 0 0 0 0 0 0 0 
0 0 0 0 0 0 0 1 
0 0 0 0 0 0 1 0 
0 0 0 1 0 0 0 0 
0 0 1 0 0 0 1 0 
0 1 0 0 0 0 0 0 
0 1 0 0 0 0 0 0 

Cover Relations:
2 -> 7
3 -> 6
4 -> 3
5 -> 2
5 -> 6
6 -> 1
7 -> 1

Unique Lattice 142:
0 0 0 0 0 0 0 0 
0 0 0 0 0 0 0 0 
0 0 0 0 0 0 0 1 
0 0 0 0 0 0 1 0 
0 0 0 0 0 0 1 1 
0 1 0 0 0 0 0 0 
0 0 0 0 0 1 0 0 
0 1 0 0 0 0 0 0 

Cover Relations:
2 -> 7
3 -> 6
4 -> 6
4 -> 7
5 -> 1
6 -> 5
7 -> 1

Unique Lattice 143:
0 0 0 0 0 0 0 0 
0 0 0 0 0 0 0 0 
0 0 0 0 0 0 0 1 
0 0 0 0 0 0 1 0 
0 0 0 1 0 0 0 0 
0 0 1 1 0 0 0 0 
0 1 0 0 0 0 0 0 
0 1 0 0 0 0 0 0 

Cover Relations:
2 -> 7
3 -> 6
4 -> 3
5 -> 2
5 -> 3
6 -> 1
7 -> 1

Unique Lattice 144:
0 0 0 0 0 0 0 0 
0 0 0 0 0 0 0 0 
0 0 0 0 0 0 0 1 
0 0 0 0 0 0 1 0 
0 0 0 0 0 1 0 1 
0 0 0 1 0 0 0 0 
0 1 0 0 0 0 0 0 
0 1 0 0 0 0 0 0 

Cover Relations:
2 -> 7
3 -> 6
4 -> 5
4 -> 7
5 -> 3
6 -> 1
7 -> 1

Unique Lattice 145:
0 0 0 0 0 0 0 0 
0 0 0 0 0 0 0 0 
0 0 0 0 0 0 0 1 
0 0 0 0 0 0 1 0 
0 0 0 1 0 0 0 0 
0 0 1 0 1 0 0 0 
0 1 0 0 0 0 0 0 
0 1 0 0 0 0 0 0 

Cover Relations:
2 -> 7
3 -> 6
4 -> 3
5 -> 2
5 -> 4
6 -> 1
7 -> 1

Unique Lattice 146:
0 0 0 0 0 0 0 0 
0 0 0 0 0 0 0 0 
0 0 0 0 0 0 0 1 
0 0 0 0 0 0 1 0 
0 0 0 1 0 0 0 0 
0 1 0 0 0 0 0 0 
0 1 0 0 0 0 0 0 
0 0 0 0 0 1 1 0 

Cover Relations:
2 -> 7
3 -> 6
4 -> 3
5 -> 1
6 -> 1
7 -> 5
7 -> 6

Unique Lattice 147:
0 0 0 0 0 0 0 0 
0 0 0 0 0 0 0 0 
0 0 0 0 0 0 0 1 
0 0 0 0 0 0 1 1 
0 0 1 0 0 0 0 0 
0 0 1 1 0 0 0 0 
0 1 0 0 0 0 0 0 
0 1 0 0 0 0 0 0 

Cover Relations:
2 -> 7
3 -> 6
3 -> 7
4 -> 2
5 -> 2
5 -> 3
6 -> 1
7 -> 1

Unique Lattice 148:
0 0 0 0 0 0 0 0 
0 0 0 0 0 0 0 0 
0 0 0 0 0 0 0 1 
0 0 0 0 0 0 1 1 
0 0 0 1 0 1 0 0 
0 0 1 0 0 0 0 0 
0 1 0 0 0 0 0 0 
0 1 0 0 0 0 0 0 

Cover Relations:
2 -> 7
3 -> 6
3 -> 7
4 -> 3
4 -> 5
5 -> 2
6 -> 1
7 -> 1

Unique Lattice 149:
0 0 0 0 0 0 0 0 
0 0 0 0 0 0 0 0 
0 0 0 0 0 0 0 1 
0 0 0 0 0 0 1 0 
0 0 0 1 0 0 0 0 
0 1 0 0 0 0 0 0 
0 1 0 0 0 0 0 0 
0 0 0 1 0 1 0 0 

Cover Relations:
2 -> 7
3 -> 6
4 -> 3
5 -> 1
6 -> 1
7 -> 3
7 -> 5

Unique Lattice 150:
0 0 0 0 0 0 0 0 
0 0 0 0 0 0 0 0 
0 0 0 0 0 0 0 1 
0 0 0 0 0 0 1 1 
0 0 1 1 0 0 0 0 
0 1 0 0 0 0 0 0 
0 1 0 0 0 0 0 0 
0 0 0 0 0 1 0 0 

Cover Relations:
2 -> 7
3 -> 6
3 -> 7
4 -> 2
4 -> 3
5 -> 1
6 -> 1
7 -> 5

Unique Lattice 151:
0 0 0 0 0 0 0 0 
0 0 0 0 0 0 0 0 
0 0 0 0 0 0 0 1 
0 0 0 0 0 0 1 0 
0 0 0 1 0 0 0 0 
0 1 0 0 0 0 0 0 
0 1 0 0 0 0 0 0 
0 0 0 0 1 1 0 0 

Cover Relations:
2 -> 7
3 -> 6
4 -> 3
5 -> 1
6 -> 1
7 -> 4
7 -> 5

Unique Lattice 152:
0 0 0 0 0 0 0 0 
0 0 0 0 0 0 0 0 
0 0 0 0 0 0 0 1 
0 0 0 0 0 0 1 0 
0 0 0 0 0 0 1 1 
0 0 0 0 1 0 0 0 
0 1 0 0 0 0 0 0 
0 1 0 0 0 0 0 0 

Cover Relations:
2 -> 7
3 -> 6
4 -> 6
4 -> 7
5 -> 4
6 -> 1
7 -> 1

Unique Lattice 153:
0 0 0 0 0 0 0 0 
0 0 0 0 0 0 0 0 
0 0 0 0 0 0 0 1 
0 0 0 0 0 0 1 0 
0 0 0 0 0 0 1 1 
0 0 0 1 1 0 0 0 
0 1 0 0 0 0 0 0 
0 1 0 0 0 0 0 0 

Cover Relations:
2 -> 7
3 -> 6
4 -> 6
4 -> 7
5 -> 3
5 -> 4
6 -> 1
7 -> 1

Unique Lattice 154:
0 0 0 0 0 0 0 0 
0 0 0 0 0 0 0 0 
0 0 0 0 0 0 0 1 
0 0 0 0 0 0 1 0 
0 0 0 0 0 0 1 1 
0 0 1 1 1 0 0 0 
0 1 0 0 0 0 0 0 
0 1 0 0 0 0 0 0 

Cover Relations:
2 -> 7
3 -> 6
4 -> 6
4 -> 7
5 -> 2
5 -> 3
5 -> 4
6 -> 1
7 -> 1

Unique Lattice 155:
0 0 0 0 0 0 0 0 
0 0 0 0 0 0 0 0 
0 0 0 0 0 0 0 1 
0 0 0 0 0 0 1 0 
0 0 0 0 0 1 0 0 
0 0 0 1 0 0 0 1 
0 1 0 0 0 0 0 0 
0 1 0 0 0 0 0 0 

Cover Relations:
2 -> 7
3 -> 6
4 -> 5
5 -> 3
5 -> 7
6 -> 1
7 -> 1

Unique Lattice 156:
0 0 0 0 0 0 0 0 
0 0 0 0 0 0 0 0 
0 0 0 0 0 0 0 1 
0 0 0 0 0 0 1 0 
0 0 0 1 0 0 0 1 
0 0 1 0 1 0 0 0 
0 1 0 0 0 0 0 0 
0 1 0 0 0 0 0 0 

Cover Relations:
2 -> 7
3 -> 6
4 -> 3
4 -> 7
5 -> 2
5 -> 4
6 -> 1
7 -> 1

Unique Lattice 157:
0 0 0 0 0 0 0 0 
0 0 0 0 0 0 0 0 
0 0 0 0 0 0 0 1 
0 0 0 0 0 0 1 0 
0 0 0 0 0 1 0 0 
0 0 1 1 0 0 0 0 
0 1 0 0 0 0 0 0 
0 1 0 0 0 0 0 0 

Cover Relations:
2 -> 7
3 -> 6
4 -> 5
5 -> 2
5 -> 3
6 -> 1
7 -> 1

Unique Lattice 158:
0 0 0 0 0 0 0 0 
0 0 0 0 0 0 0 0 
0 0 0 0 0 0 0 1 
0 0 0 0 0 0 0 1 
0 0 0 0 0 0 1 0 
0 1 0 0 0 0 0 0 
0 1 0 0 0 0 0 0 
0 0 0 0 0 1 1 0 

Cover Relations:
2 -> 7
3 -> 7
4 -> 6
5 -> 1
6 -> 1
7 -> 5
7 -> 6

Unique Lattice 159:
0 0 0 0 0 0 0 0 
0 0 0 0 0 0 0 0 
0 0 0 0 0 0 0 1 
0 0 0 0 0 0 1 0 
0 0 0 0 0 1 0 1 
0 1 0 0 0 0 0 0 
0 0 0 0 1 0 0 0 
0 1 0 0 0 0 0 0 

Cover Relations:
2 -> 7
3 -> 6
4 -> 5
4 -> 7
5 -> 1
6 -> 4
7 -> 1

Unique Lattice 160:
0 0 0 0 0 0 0 0 
0 0 0 0 0 0 0 0 
0 0 0 0 0 0 0 1 
0 0 0 0 0 0 1 0 
0 0 0 1 0 0 0 1 
0 1 0 0 0 0 0 0 
0 1 0 0 0 0 0 0 
0 0 0 0 0 1 1 0 

Cover Relations:
2 -> 7
3 -> 6
4 -> 3
4 -> 7
5 -> 1
6 -> 1
7 -> 5
7 -> 6

Unique Lattice 161:
0 0 0 0 0 0 0 0 
0 0 0 0 0 0 0 0 
0 0 0 0 0 0 0 1 
0 0 0 0 0 0 1 0 
0 0 1 1 0 0 0 0 
0 1 0 0 0 0 0 0 
0 0 0 0 0 1 0 1 
0 1 0 0 0 0 0 0 

Cover Relations:
2 -> 7
3 -> 6
4 -> 2
4 -> 3
5 -> 1
6 -> 5
6 -> 7
7 -> 1

Unique Lattice 162:
0 0 0 0 0 0 0 0 
0 0 0 0 0 0 0 0 
0 0 0 0 0 0 0 1 
0 0 0 0 0 0 1 0 
0 0 0 0 0 1 0 1 
0 1 0 0 0 0 0 0 
0 0 1 0 1 0 0 0 
0 1 0 0 0 0 0 0 

Cover Relations:
2 -> 7
3 -> 6
4 -> 5
4 -> 7
5 -> 1
6 -> 2
6 -> 4
7 -> 1

Unique Lattice 163:
0 0 0 0 0 0 0 0 
0 0 0 0 0 0 0 0 
0 0 0 0 0 0 0 1 
0 0 0 0 0 0 0 1 
0 0 0 0 0 0 1 0 
0 1 0 0 0 0 0 0 
0 1 0 0 0 0 0 0 
0 0 0 0 1 1 0 0 

Cover Relations:
2 -> 7
3 -> 7
4 -> 6
5 -> 1
6 -> 1
7 -> 4
7 -> 5

Unique Lattice 164:
0 0 0 0 0 0 0 0 
0 0 0 0 0 0 0 0 
0 0 0 0 0 0 0 1 
0 0 0 0 0 0 1 0 
0 0 0 1 0 0 0 0 
0 1 0 0 0 0 0 0 
0 0 1 0 0 1 0 0 
0 1 0 0 0 0 0 0 

Cover Relations:
2 -> 7
3 -> 6
4 -> 3
5 -> 1
6 -> 2
6 -> 5
7 -> 1

Unique Lattice 165:
0 0 0 0 0 0 0 0 
0 0 0 0 0 0 0 0 
0 0 0 0 0 0 0 1 
0 0 0 0 0 0 0 1 
0 0 0 0 0 0 0 1 
0 1 0 0 0 0 0 0 
0 1 0 0 0 0 0 0 
0 0 0 0 0 1 1 0 

Cover Relations:
2 -> 7
3 -> 7
4 -> 7
5 -> 1
6 -> 1
7 -> 5
7 -> 6

Unique Lattice 166:
0 0 0 0 0 0 0 0 
0 0 0 0 0 0 0 0 
0 0 0 0 0 0 0 1 
0 0 0 0 0 0 0 1 
0 0 0 1 0 0 0 0 
0 1 0 0 0 0 0 0 
0 1 0 0 0 0 0 0 
0 0 0 0 0 1 1 0 

Cover Relations:
2 -> 7
3 -> 7
4 -> 3
5 -> 1
6 -> 1
7 -> 5
7 -> 6

Unique Lattice 167:
0 0 0 0 0 0 0 0 
0 0 0 0 0 0 0 0 
0 0 0 0 0 0 0 1 
0 0 0 0 0 0 0 1 
0 0 1 1 0 0 0 0 
0 1 0 0 0 0 0 0 
0 1 0 0 0 0 0 0 
0 0 0 0 0 1 1 0 

Cover Relations:
2 -> 7
3 -> 7
4 -> 2
4 -> 3
5 -> 1
6 -> 1
7 -> 5
7 -> 6

Unique Lattice 168:
0 0 0 0 0 0 0 0 
0 0 0 0 0 0 0 0 
0 0 0 0 0 0 0 1 
0 0 0 0 0 0 0 1 
0 0 0 0 0 1 1 0 
0 1 0 0 0 0 0 0 
0 1 0 0 0 0 0 0 
0 0 0 0 1 0 0 0 

Cover Relations:
2 -> 7
3 -> 7
4 -> 5
4 -> 6
5 -> 1
6 -> 1
7 -> 4

Unique Lattice 169:
0 0 0 0 0 0 0 0 
0 0 0 0 0 0 0 0 
0 0 0 0 0 0 0 1 
0 0 0 0 0 0 1 0 
0 1 0 0 0 0 0 0 
0 1 0 0 0 0 0 0 
0 0 0 0 1 1 0 0 
0 0 0 1 0 0 0 0 

Cover Relations:
2 -> 7
3 -> 6
4 -> 1
5 -> 1
6 -> 4
6 -> 5
7 -> 3

Unique Lattice 170:
0 0 0 0 0 0 0 0 
0 0 0 0 0 0 0 0 
0 0 0 0 0 0 0 1 
0 0 0 0 0 0 0 1 
0 0 0 0 0 0 0 1 
0 0 0 0 0 0 0 1 
0 0 0 0 0 0 0 1 
0 1 0 0 0 0 0 0 

Cover Relations:
2 -> 7
3 -> 7
4 -> 7
5 -> 7
6 -> 7
7 -> 1

Unique Lattice 171:
0 0 0 0 0 0 0 0 
0 0 0 0 0 0 0 0 
0 0 0 0 0 0 0 1 
0 0 0 0 0 0 0 1 
0 0 0 0 0 0 0 1 
0 0 0 0 0 0 0 1 
0 0 0 0 0 1 0 0 
0 1 0 0 0 0 0 0 

Cover Relations:
2 -> 7
3 -> 7
4 -> 7
5 -> 7
6 -> 5
7 -> 1

Unique Lattice 172:
0 0 0 0 0 0 0 0 
0 0 0 0 0 0 0 0 
0 0 0 0 0 0 0 1 
0 0 0 0 0 0 0 1 
0 0 0 0 0 0 0 1 
0 0 0 0 0 0 0 1 
0 0 0 0 1 1 0 0 
0 1 0 0 0 0 0 0 

Cover Relations:
2 -> 7
3 -> 7
4 -> 7
5 -> 7
6 -> 4
6 -> 5
7 -> 1

Unique Lattice 173:
0 0 0 0 0 0 0 0 
0 0 0 0 0 0 0 0 
0 0 0 0 0 0 0 1 
0 0 0 0 0 0 0 1 
0 0 0 0 0 0 0 1 
0 0 0 0 0 0 0 1 
0 0 0 1 1 1 0 0 
0 1 0 0 0 0 0 0 

Cover Relations:
2 -> 7
3 -> 7
4 -> 7
5 -> 7
6 -> 3
6 -> 4
6 -> 5
7 -> 1

Unique Lattice 174:
0 0 0 0 0 0 0 0 
0 0 0 0 0 0 0 0 
0 0 0 0 0 0 0 1 
0 0 0 0 0 0 0 1 
0 0 0 0 0 0 0 1 
0 0 0 0 0 0 0 1 
0 0 1 1 1 1 0 0 
0 1 0 0 0 0 0 0 

Cover Relations:
2 -> 7
3 -> 7
4 -> 7
5 -> 7
6 -> 2
6 -> 3
6 -> 4
6 -> 5
7 -> 1

Unique Lattice 175:
0 0 0 0 0 0 0 0 
0 0 0 0 0 0 0 0 
0 0 0 0 0 0 0 1 
0 0 0 0 0 0 0 1 
0 0 0 0 0 0 0 1 
0 0 0 0 1 0 0 0 
0 0 0 0 1 0 0 0 
0 1 0 0 0 0 0 0 

Cover Relations:
2 -> 7
3 -> 7
4 -> 7
5 -> 4
6 -> 4
7 -> 1

Unique Lattice 176:
0 0 0 0 0 0 0 0 
0 0 0 0 0 0 0 0 
0 0 0 0 0 0 0 1 
0 0 0 0 0 0 0 1 
0 0 0 0 0 0 0 1 
0 0 0 0 0 0 1 0 
0 0 0 0 1 0 0 0 
0 1 0 0 0 0 0 0 

Cover Relations:
2 -> 7
3 -> 7
4 -> 7
5 -> 6
6 -> 4
7 -> 1

Unique Lattice 177:
0 0 0 0 0 0 0 0 
0 0 0 0 0 0 0 0 
0 0 0 0 0 0 0 1 
0 0 0 0 0 0 0 1 
0 0 0 0 0 0 0 1 
0 0 0 0 1 0 0 0 
0 0 0 1 0 0 0 0 
0 1 0 0 0 0 0 0 

Cover Relations:
2 -> 7
3 -> 7
4 -> 7
5 -> 4
6 -> 3
7 -> 1

Unique Lattice 178:
0 0 0 0 0 0 0 0 
0 0 0 0 0 0 0 0 
0 0 0 0 0 0 0 1 
0 0 0 0 0 0 0 1 
0 0 0 0 0 0 0 1 
0 0 0 0 1 0 0 0 
0 0 0 1 1 0 0 0 
0 1 0 0 0 0 0 0 

Cover Relations:
2 -> 7
3 -> 7
4 -> 7
5 -> 4
6 -> 3
6 -> 4
7 -> 1

Unique Lattice 179:
0 0 0 0 0 0 0 0 
0 0 0 0 0 0 0 0 
0 0 0 0 0 0 0 1 
0 0 0 0 0 0 0 1 
0 0 0 0 0 0 0 1 
0 0 0 0 1 0 0 0 
0 0 0 1 0 1 0 0 
0 1 0 0 0 0 0 0 

Cover Relations:
2 -> 7
3 -> 7
4 -> 7
5 -> 4
6 -> 3
6 -> 5
7 -> 1

Unique Lattice 180:
0 0 0 0 0 0 0 0 
0 0 0 0 0 0 0 0 
0 0 0 0 0 0 0 1 
0 0 0 0 0 0 0 1 
0 0 0 0 0 0 0 1 
0 0 0 0 1 0 0 0 
0 0 1 1 0 0 0 0 
0 1 0 0 0 0 0 0 

Cover Relations:
2 -> 7
3 -> 7
4 -> 7
5 -> 4
6 -> 2
6 -> 3
7 -> 1

Unique Lattice 181:
0 0 0 0 0 0 0 0 
0 0 0 0 0 0 0 0 
0 0 0 0 0 0 0 1 
0 0 0 0 0 0 0 1 
0 0 0 0 0 0 0 1 
0 0 0 0 1 0 0 0 
0 0 1 1 1 0 0 0 
0 1 0 0 0 0 0 0 

Cover Relations:
2 -> 7
3 -> 7
4 -> 7
5 -> 4
6 -> 2
6 -> 3
6 -> 4
7 -> 1

Unique Lattice 182:
0 0 0 0 0 0 0 0 
0 0 0 0 0 0 0 0 
0 0 0 0 0 0 0 1 
0 0 0 0 0 0 0 1 
0 0 0 0 0 0 0 1 
0 0 0 0 1 0 0 0 
0 0 1 1 0 1 0 0 
0 1 0 0 0 0 0 0 

Cover Relations:
2 -> 7
3 -> 7
4 -> 7
5 -> 4
6 -> 2
6 -> 3
6 -> 5
7 -> 1

Unique Lattice 183:
0 0 0 0 0 0 0 0 
0 0 0 0 0 0 0 0 
0 0 0 0 0 0 0 1 
0 0 0 0 0 0 0 1 
0 0 0 0 0 0 0 1 
0 0 0 0 0 0 1 0 
0 0 0 1 1 0 0 0 
0 1 0 0 0 0 0 0 

Cover Relations:
2 -> 7
3 -> 7
4 -> 7
5 -> 6
6 -> 3
6 -> 4
7 -> 1

Unique Lattice 184:
0 0 0 0 0 0 0 0 
0 0 0 0 0 0 0 0 
0 0 0 0 0 0 0 1 
0 0 0 0 0 0 0 1 
0 0 0 0 0 0 0 1 
0 0 0 1 1 0 0 0 
0 0 1 0 1 0 0 0 
0 1 0 0 0 0 0 0 

Cover Relations:
2 -> 7
3 -> 7
4 -> 7
5 -> 3
5 -> 4
6 -> 2
6 -> 4
7 -> 1

Unique Lattice 185:
0 0 0 0 0 0 0 0 
0 0 0 0 0 0 0 0 
0 0 0 0 0 0 0 1 
0 0 0 0 0 0 0 1 
0 0 0 0 0 0 0 1 
0 0 0 0 1 0 1 0 
0 0 1 1 0 0 0 0 
0 1 0 0 0 0 0 0 

Cover Relations:
2 -> 7
3 -> 7
4 -> 7
5 -> 4
5 -> 6
6 -> 2
6 -> 3
7 -> 1

Unique Lattice 186:
0 0 0 0 0 0 0 0 
0 0 0 0 0 0 0 0 
0 0 0 0 0 0 0 1 
0 0 0 0 0 0 0 1 
0 0 0 0 0 0 0 1 
0 0 0 0 0 0 1 0 
0 0 1 1 1 0 0 0 
0 1 0 0 0 0 0 0 

Cover Relations:
2 -> 7
3 -> 7
4 -> 7
5 -> 6
6 -> 2
6 -> 3
6 -> 4
7 -> 1

Unique Lattice 187:
0 0 0 0 0 0 0 0 
0 0 0 0 0 0 0 0 
0 0 0 0 0 0 0 1 
0 0 0 0 0 0 0 1 
0 0 0 0 0 0 0 1 
0 0 0 0 0 0 1 0 
0 1 0 0 0 0 0 0 
0 0 0 0 0 0 1 0 

Cover Relations:
2 -> 7
3 -> 7
4 -> 7
5 -> 6
6 -> 1
7 -> 6

Unique Lattice 188:
0 0 0 0 0 0 0 0 
0 0 0 0 0 0 0 0 
0 0 0 0 0 0 0 1 
0 0 0 0 0 0 0 1 
0 0 0 0 0 0 1 0 
0 0 0 1 0 0 0 0 
0 0 0 1 0 0 0 0 
0 1 0 0 0 0 0 0 

Cover Relations:
2 -> 7
3 -> 7
4 -> 6
5 -> 3
6 -> 3
7 -> 1

Unique Lattice 189:
0 0 0 0 0 0 0 0 
0 0 0 0 0 0 0 0 
0 0 0 0 0 0 0 1 
0 0 0 0 0 0 0 1 
0 0 0 0 0 0 1 0 
0 0 1 1 0 0 0 0 
0 1 0 0 0 0 0 0 
0 0 0 0 0 0 1 0 

Cover Relations:
2 -> 7
3 -> 7
4 -> 6
5 -> 2
5 -> 3
6 -> 1
7 -> 6

Unique Lattice 190:
0 0 0 0 0 0 0 0 
0 0 0 0 0 0 0 0 
0 0 0 0 0 0 0 1 
0 0 0 0 0 0 0 1 
0 0 0 0 0 0 1 0 
0 0 0 0 1 0 0 0 
0 1 0 0 0 0 0 0 
0 0 0 0 0 0 1 0 

Cover Relations:
2 -> 7
3 -> 7
4 -> 6
5 -> 4
6 -> 1
7 -> 6

Unique Lattice 191:
0 0 0 0 0 0 0 0 
0 0 0 0 0 0 0 0 
0 0 0 0 0 0 0 1 
0 0 0 0 0 0 0 1 
0 0 0 0 0 0 1 0 
0 0 0 0 1 0 0 1 
0 1 0 0 0 0 0 0 
0 0 0 0 0 0 1 0 

Cover Relations:
2 -> 7
3 -> 7
4 -> 6
5 -> 4
5 -> 7
6 -> 1
7 -> 6

Unique Lattice 192:
0 0 0 0 0 0 0 0 
0 0 0 0 0 0 0 0 
0 0 0 0 0 0 0 1 
0 0 0 0 0 0 0 1 
0 0 0 0 0 0 1 0 
0 0 0 1 1 0 0 0 
0 1 0 0 0 0 0 0 
0 0 0 0 0 0 1 0 

Cover Relations:
2 -> 7
3 -> 7
4 -> 6
5 -> 3
5 -> 4
6 -> 1
7 -> 6

Unique Lattice 193:
0 0 0 0 0 0 0 0 
0 0 0 0 0 0 0 0 
0 0 0 0 0 0 0 1 
0 0 0 0 0 0 0 1 
0 0 0 0 0 0 1 0 
0 0 1 1 1 0 0 0 
0 1 0 0 0 0 0 0 
0 0 0 0 0 0 1 0 

Cover Relations:
2 -> 7
3 -> 7
4 -> 6
5 -> 2
5 -> 3
5 -> 4
6 -> 1
7 -> 6

Unique Lattice 194:
0 0 0 0 0 0 0 0 
0 0 0 0 0 0 0 0 
0 0 0 0 0 0 0 1 
0 0 0 0 0 0 0 1 
0 0 0 0 0 0 1 0 
0 0 0 0 0 0 1 0 
0 0 0 1 0 0 0 0 
0 1 0 0 0 0 0 0 

Cover Relations:
2 -> 7
3 -> 7
4 -> 6
5 -> 6
6 -> 3
7 -> 1

Unique Lattice 195:
0 0 0 0 0 0 0 0 
0 0 0 0 0 0 0 0 
0 0 0 0 0 0 0 1 
0 0 0 0 0 0 0 1 
0 0 0 0 0 0 1 0 
0 0 0 0 1 0 0 0 
0 0 0 1 0 0 0 0 
0 1 0 0 0 0 0 0 

Cover Relations:
2 -> 7
3 -> 7
4 -> 6
5 -> 4
6 -> 3
7 -> 1

Unique Lattice 196:
0 0 0 0 0 0 0 0 
0 0 0 0 0 0 0 0 
0 0 0 0 0 0 0 1 
0 0 0 0 0 0 0 1 
0 0 0 0 0 0 1 0 
0 0 0 1 0 0 0 0 
0 0 1 0 0 0 0 0 
0 1 0 0 0 0 0 0 

Cover Relations:
2 -> 7
3 -> 7
4 -> 6
5 -> 3
6 -> 2
7 -> 1

Unique Lattice 197:
0 0 0 0 0 0 0 0 
0 0 0 0 0 0 0 0 
0 0 0 0 0 0 0 1 
0 0 0 0 0 0 0 1 
0 0 0 0 0 0 1 0 
0 0 1 1 0 0 0 0 
0 0 0 1 0 0 0 0 
0 1 0 0 0 0 0 0 

Cover Relations:
2 -> 7
3 -> 7
4 -> 6
5 -> 2
5 -> 3
6 -> 3
7 -> 1

Unique Lattice 198:
0 0 0 0 0 0 0 0 
0 0 0 0 0 0 0 0 
0 0 0 0 0 0 0 1 
0 0 0 0 0 0 0 1 
0 0 0 0 0 0 1 0 
0 0 0 1 0 0 1 0 
0 0 1 0 0 0 0 0 
0 1 0 0 0 0 0 0 

Cover Relations:
2 -> 7
3 -> 7
4 -> 6
5 -> 3
5 -> 6
6 -> 2
7 -> 1

Unique Lattice 199:
0 0 0 0 0 0 0 0 
0 0 0 0 0 0 0 0 
0 0 0 0 0 0 0 1 
0 0 0 0 0 0 0 1 
0 0 0 0 0 0 1 0 
0 0 0 1 1 0 0 0 
0 0 1 0 0 0 0 0 
0 1 0 0 0 0 0 0 

Cover Relations:
2 -> 7
3 -> 7
4 -> 6
5 -> 3
5 -> 4
6 -> 2
7 -> 1

Unique Lattice 200:
0 0 0 0 0 0 0 0 
0 0 0 0 0 0 0 0 
0 0 0 0 0 0 0 1 
0 0 0 0 0 0 0 1 
0 0 0 1 0 0 0 0 
0 0 1 0 0 0 0 0 
0 0 1 1 0 0 0 0 
0 1 0 0 0 0 0 0 

Cover Relations:
2 -> 7
3 -> 7
4 -> 3
5 -> 2
6 -> 2
6 -> 3
7 -> 1

Unique Lattice 201:
0 0 0 0 0 0 0 0 
0 0 0 0 0 0 0 0 
0 0 0 0 0 0 0 1 
0 0 0 0 0 0 0 1 
0 0 0 1 0 0 0 0 
0 0 0 1 0 0 1 0 
0 0 1 0 0 0 0 0 
0 1 0 0 0 0 0 0 

Cover Relations:
2 -> 7
3 -> 7
4 -> 3
5 -> 3
5 -> 6
6 -> 2
7 -> 1

Unique Lattice 202:
0 0 0 0 0 0 0 0 
0 0 0 0 0 0 0 0 
0 0 0 0 0 0 0 1 
0 0 0 0 0 0 0 1 
0 0 0 0 0 1 1 0 
0 0 0 1 0 0 0 0 
0 0 1 0 0 0 0 0 
0 1 0 0 0 0 0 0 

Cover Relations:
2 -> 7
3 -> 7
4 -> 5
4 -> 6
5 -> 3
6 -> 2
7 -> 1

Unique Lattice 203:
0 0 0 0 0 0 0 0 
0 0 0 0 0 0 0 0 
0 0 0 0 0 0 0 1 
0 0 0 0 0 0 0 1 
0 0 0 0 0 0 1 0 
0 0 0 1 0 0 0 0 
0 0 1 1 0 0 0 0 
0 1 0 0 0 0 0 0 

Cover Relations:
2 -> 7
3 -> 7
4 -> 6
5 -> 3
6 -> 2
6 -> 3
7 -> 1

Unique Lattice 204:
0 0 0 0 0 0 0 0 
0 0 0 0 0 0 0 0 
0 0 0 0 0 0 0 1 
0 0 0 0 0 0 0 1 
0 0 0 0 0 1 1 0 
0 0 0 1 0 0 0 0 
0 0 1 1 0 0 0 0 
0 1 0 0 0 0 0 0 

Cover Relations:
2 -> 7
3 -> 7
4 -> 5
4 -> 6
5 -> 3
6 -> 2
6 -> 3
7 -> 1

Unique Lattice 205:
0 0 0 0 0 0 0 0 
0 0 0 0 0 0 0 0 
0 0 0 0 0 0 0 1 
0 0 0 0 0 0 0 1 
0 0 0 0 0 0 1 0 
0 0 0 1 0 0 0 0 
0 0 1 0 0 1 0 0 
0 1 0 0 0 0 0 0 

Cover Relations:
2 -> 7
3 -> 7
4 -> 6
5 -> 3
6 -> 2
6 -> 5
7 -> 1

Unique Lattice 206:
0 0 0 0 0 0 0 0 
0 0 0 0 0 0 0 0 
0 0 0 0 0 0 0 1 
0 0 0 0 0 0 0 1 
0 0 0 0 0 0 1 0 
0 0 0 0 0 0 1 0 
0 0 1 1 0 0 0 0 
0 1 0 0 0 0 0 0 

Cover Relations:
2 -> 7
3 -> 7
4 -> 6
5 -> 6
6 -> 2
6 -> 3
7 -> 1

Unique Lattice 207:
0 0 0 0 0 0 0 0 
0 0 0 0 0 0 0 0 
0 0 0 0 0 0 0 1 
0 0 0 0 0 0 0 1 
0 0 0 0 0 0 1 0 
0 0 0 0 1 0 0 0 
0 0 1 1 0 0 0 0 
0 1 0 0 0 0 0 0 

Cover Relations:
2 -> 7
3 -> 7
4 -> 6
5 -> 4
6 -> 2
6 -> 3
7 -> 1

Unique Lattice 208:
0 0 0 0 0 0 0 0 
0 0 0 0 0 0 0 0 
0 0 0 0 0 0 0 1 
0 0 0 0 0 0 0 1 
0 0 0 0 0 0 0 1 
0 0 0 0 0 0 0 1 
0 1 0 0 0 0 0 0 
0 0 0 0 0 0 1 0 

Cover Relations:
2 -> 7
3 -> 7
4 -> 7
5 -> 7
6 -> 1
7 -> 6

Unique Lattice 209:
0 0 0 0 0 0 0 0 
0 0 0 0 0 0 0 0 
0 0 0 0 0 0 0 1 
0 0 0 0 0 0 0 1 
0 0 0 0 0 0 0 1 
0 0 0 0 1 0 0 0 
0 1 0 0 0 0 0 0 
0 0 0 0 0 0 1 0 

Cover Relations:
2 -> 7
3 -> 7
4 -> 7
5 -> 4
6 -> 1
7 -> 6

Unique Lattice 210:
0 0 0 0 0 0 0 0 
0 0 0 0 0 0 0 0 
0 0 0 0 0 0 0 1 
0 0 0 0 0 0 0 1 
0 0 0 0 0 0 0 1 
0 0 0 1 1 0 0 0 
0 1 0 0 0 0 0 0 
0 0 0 0 0 0 1 0 

Cover Relations:
2 -> 7
3 -> 7
4 -> 7
5 -> 3
5 -> 4
6 -> 1
7 -> 6

Unique Lattice 211:
0 0 0 0 0 0 0 0 
0 0 0 0 0 0 0 0 
0 0 0 0 0 0 0 1 
0 0 0 0 0 0 0 1 
0 0 0 0 0 0 0 1 
0 0 1 1 1 0 0 0 
0 1 0 0 0 0 0 0 
0 0 0 0 0 0 1 0 

Cover Relations:
2 -> 7
3 -> 7
4 -> 7
5 -> 2
5 -> 3
5 -> 4
6 -> 1
7 -> 6

Unique Lattice 212:
0 0 0 0 0 0 0 0 
0 0 0 0 0 0 0 0 
0 0 0 0 0 0 0 1 
0 0 0 0 0 0 0 1 
0 0 0 0 0 0 1 0 
0 0 0 0 1 0 0 0 
0 1 0 0 0 0 0 0 
0 0 0 0 1 0 0 0 

Cover Relations:
2 -> 7
3 -> 7
4 -> 6
5 -> 4
6 -> 1
7 -> 4

Unique Lattice 213:
0 0 0 0 0 0 0 0 
0 0 0 0 0 0 0 0 
0 0 0 0 0 0 0 1 
0 0 0 0 0 0 0 1 
0 0 0 0 0 0 1 0 
0 1 0 0 0 0 0 0 
0 0 0 1 0 0 0 0 
0 0 0 0 0 1 0 0 

Cover Relations:
2 -> 7
3 -> 7
4 -> 6
5 -> 1
6 -> 3
7 -> 5

Unique Lattice 214:
0 0 0 0 0 0 0 0 
0 0 0 0 0 0 0 0 
0 0 0 0 0 0 0 1 
0 0 0 0 0 0 0 1 
0 0 0 1 0 0 0 0 
0 0 1 0 0 0 0 0 
0 1 0 0 0 0 0 0 
0 0 0 0 0 0 1 0 

Cover Relations:
2 -> 7
3 -> 7
4 -> 3
5 -> 2
6 -> 1
7 -> 6

Unique Lattice 215:
0 0 0 0 0 0 0 0 
0 0 0 0 0 0 0 0 
0 0 0 0 0 0 0 1 
0 0 0 0 0 0 0 1 
0 0 0 1 0 0 0 0 
0 0 1 1 0 0 0 0 
0 1 0 0 0 0 0 0 
0 0 0 0 0 0 1 0 

Cover Relations:
2 -> 7
3 -> 7
4 -> 3
5 -> 2
5 -> 3
6 -> 1
7 -> 6

Unique Lattice 216:
0 0 0 0 0 0 0 0 
0 0 0 0 0 0 0 0 
0 0 0 0 0 0 0 1 
0 0 0 0 0 0 0 1 
0 0 0 1 0 0 0 0 
0 0 1 0 1 0 0 0 
0 1 0 0 0 0 0 0 
0 0 0 0 0 0 1 0 

Cover Relations:
2 -> 7
3 -> 7
4 -> 3
5 -> 2
5 -> 4
6 -> 1
7 -> 6

Unique Lattice 217:
0 0 0 0 0 0 0 0 
0 0 0 0 0 0 0 0 
0 0 0 0 0 0 0 1 
0 0 0 0 0 0 0 1 
0 0 0 0 0 0 1 0 
0 1 0 0 0 0 0 0 
0 0 1 1 0 0 0 0 
0 0 0 0 0 1 0 0 

Cover Relations:
2 -> 7
3 -> 7
4 -> 6
5 -> 1
6 -> 2
6 -> 3
7 -> 5

Unique Lattice 218:
0 0 0 0 0 0 0 0 
0 0 0 0 0 0 0 0 
0 0 0 0 0 0 0 1 
0 0 0 0 0 0 0 1 
0 0 0 0 0 0 0 1 
0 0 0 0 0 0 1 0 
0 1 0 0 0 0 0 0 
0 0 0 0 0 1 0 0 

Cover Relations:
2 -> 7
3 -> 7
4 -> 7
5 -> 6
6 -> 1
7 -> 5

Unique Lattice 219:
0 0 0 0 0 0 0 0 
0 0 0 0 0 0 0 0 
0 0 0 0 0 0 0 1 
0 0 0 0 0 0 0 1 
0 0 0 0 0 0 1 0 
0 0 0 1 0 0 0 0 
0 1 0 0 0 0 0 0 
0 0 0 0 1 0 0 0 

Cover Relations:
2 -> 7
3 -> 7
4 -> 6
5 -> 3
6 -> 1
7 -> 4

Unique Lattice 220:
0 0 0 0 0 0 0 0 
0 0 0 0 0 0 0 0 
0 0 0 0 0 0 0 1 
0 0 0 0 0 0 0 1 
0 0 0 0 0 0 1 0 
0 0 1 1 0 0 0 0 
0 1 0 0 0 0 0 0 
0 0 0 0 1 0 0 0 

Cover Relations:
2 -> 7
3 -> 7
4 -> 6
5 -> 2
5 -> 3
6 -> 1
7 -> 4

Unique Lattice 221:
0 0 0 0 0 0 0 0 
0 0 0 0 0 0 0 0 
0 0 0 0 0 0 0 1 
0 0 0 0 0 0 0 1 
0 0 0 0 0 0 1 0 
0 0 0 0 1 0 0 0 
0 1 0 0 0 0 0 0 
0 0 0 0 0 1 0 0 

Cover Relations:
2 -> 7
3 -> 7
4 -> 6
5 -> 4
6 -> 1
7 -> 5

Unique Lattice 222:
0 0 0 0 0 0 0 0 
0 0 0 0 0 0 0 0 
0 0 0 0 0 0 0 1 
0 0 0 0 0 0 1 0 
0 0 0 0 0 1 0 0 
0 0 0 1 0 0 0 0 
0 0 1 0 0 0 0 0 
0 1 0 0 0 0 0 0 

Cover Relations:
2 -> 7
3 -> 6
4 -> 5
5 -> 3
6 -> 2
7 -> 1

